1343.418  26.210
1343.668  26.210
1343.917  26.210
1344.183  26.210
1344.432  26.210
1344.682  26.210
1344.931  26.210
1345.181  26.210
1345.431  26.210
1345.680  26.210
1345.930  26.210
1346.179  26.210
1346.429  26.210
1346.679  26.210
1346.928  26.210
1347.178  26.210
1347.428  26.210
1347.677  26.210
1347.942  26.210
1348.192  26.210
1348.442  26.210
1348.691  26.210
1348.941  26.210
1349.190  26.210
1349.440  26.210
1349.690  26.210
1349.939  26.210
1350.189  26.210
1350.438  26.210
1350.704  26.210
1350.953  26.210
1351.203  27.047
1351.452  27.047
1351.702  27.047
1351.952  27.047
1352.201  27.047
1352.451  27.047
1352.700  27.047
1352.950  27.047
1353.215  27.047
1353.465  27.047
1353.714  27.047
1353.964  27.047
1354.214  27.047
1354.463  27.047
1354.713  27.047
1354.962  27.047
1355.228  27.047
1355.477  27.047
1355.727  27.047
1355.976  27.047
1356.226  27.047
1356.476  27.047
1356.725  27.047
1356.990  27.047
1357.240  27.047
1357.490  27.047
1357.739  27.047
1357.989  27.047
1358.238  27.047
1358.488  27.047
1358.753  27.047
1359.003  27.068
1359.252  27.068
1359.502  27.068
1359.752  27.068
1360.017  27.068
1360.266  27.068
1360.516  27.068
1360.766  27.068
1361.015  27.068
1361.265  27.068
1361.514  27.068
1361.780  27.068
1362.029  27.068
1362.279  27.068
1362.528  27.068
1362.778  27.068
1363.028  27.068
1363.293  27.068
1363.542  27.068
1363.792  27.068
1364.042  27.068
1364.291  27.068
1364.556  27.068
1364.806  27.068
1365.056  27.068
1365.305  27.068
1365.555  27.068
1365.804  27.068
1366.070  27.068
1366.319  27.068
1366.569  27.068
1366.818  27.118
1367.068  27.118
1367.333  27.118
1367.583  27.118
1367.832  27.118
1368.082  27.118
1368.332  27.118
1368.581  27.118
1368.846  27.118
1369.096  27.118
1369.346  27.118
1369.595  27.118
1369.845  27.118
1370.110  27.118
1370.360  27.118
1370.609  27.118
1370.859  27.118
1371.108  27.118
1371.358  27.118
1371.623  27.118
1371.873  27.118
1372.122  27.118
1372.372  27.118
1372.622  27.118
1372.887  27.118
1373.136  27.118
1373.386  27.118
1373.651  27.118
1373.901  27.118
1374.150  27.118
1374.400  27.118
1374.650  27.084
1374.915  27.084
1375.164  27.084
1375.414  27.084
1375.679  27.084
1375.929  27.084
1376.178  27.084
1376.428  27.084
1376.693  27.084
1376.943  27.084
1377.192  27.084
1377.442  27.084
1377.707  27.084
1377.957  27.084
1378.207  27.084
1378.472  27.084
1378.721  27.084
1378.971  27.084
1379.236  27.084
1379.486  27.084
1379.735  27.084
1379.985  27.084
1380.250  27.084
1380.500  27.084
1380.749  27.084
1381.015  27.084
1381.264  27.084
1381.514  27.084
1381.779  27.084
1382.029  27.084
1382.278  27.084
1382.543  22.230
1382.793  22.230
1383.043  22.230
1383.308  22.230
1383.557  22.230
1383.807  22.230
1384.072  22.230
1384.322  22.230
1384.571  22.230
1384.837  22.230
1385.086  22.230
1385.336  22.230
1385.601  22.230
1385.851  22.230
1386.100  22.230
1386.365  22.230
1386.615  22.230
1386.880  22.230
1387.130  22.230
1387.379  22.230
1387.645  22.230
1387.894  22.230
1388.144  22.230
1388.409  22.230
1388.659  22.230
1388.908  22.230
1389.173  22.230
1389.423  22.230
1389.673  22.230
1389.938  22.230
1390.187  22.230
1390.453  26.563
1390.702  26.563
1390.952  26.563
1391.217  26.563
1391.467  26.563
1391.732  26.563
1391.981  26.563
1392.231  26.563
1392.496  26.563
1392.746  26.563
1393.011  26.563
1393.261  26.563
1393.510  26.563
1393.775  26.563
1394.025  26.563
1394.290  26.563
1394.540  26.563
1394.789  26.563
1395.055  26.563
1395.304  26.563
1395.569  26.563
1395.819  26.563
1396.069  26.563
1396.334  26.563
1396.583  26.563
1396.849  26.563
1397.098  26.563
1397.348  26.563
1397.613  26.563
1397.863  26.563
1398.128  26.563
1398.377  27.096
1398.643  27.096
1398.892  27.096
1399.142  27.096
1399.407  27.096
1399.657  27.096
1399.922  27.096
1400.171  27.096
1400.421  27.096
1400.686  27.096
1400.936  27.096
1401.201  27.096
1401.451  27.096
1401.700  27.096
1401.965  27.096
1402.215  27.096
1402.480  27.096
1402.730  27.096
1402.995  27.096
1403.245  27.096
1403.510  27.096
1403.759  27.096
1404.009  27.096
1404.274  27.096
1404.524  27.096
1404.789  27.096
1405.039  27.096
1405.304  27.096
1405.553  27.096
1405.819  27.096
1406.068  27.096
1406.333  27.092
1406.583  27.092
1406.833  27.092
1407.098  27.092
1407.347  27.092
1407.613  27.092
1407.862  27.092
1408.127  27.092
1408.377  27.092
1408.642  27.092
1408.892  27.092
1409.157  27.092
1409.407  27.092
1409.672  27.092
1409.922  27.092
1410.187  27.092
1410.436  27.092
1410.702  27.092
1410.951  27.092
1411.216  27.092
1411.466  27.092
1411.731  27.092
1411.981  27.092
1412.246  27.092
1412.496  27.092
1412.761  27.092
1413.010  27.092
1413.276  27.092
1413.525  27.092
1413.790  27.092
1414.040  27.092
1414.305  27.102
1414.555  27.102
1414.820  27.102
1415.070  27.102
1415.335  27.102
1415.584  27.102
1415.850  27.102
1416.099  27.102
1416.364  27.102
1416.614  27.102
1416.879  27.102
1417.129  27.102
1417.394  27.102
1417.644  27.102
1417.909  27.102
1418.158  27.102
1418.424  27.102
1418.673  27.102
1418.938  27.102
1419.204  27.102
1419.453  27.102
1419.718  27.102
1419.968  27.102
1420.233  27.102
1420.483  27.102
1420.748  27.102
1420.998  27.102
1421.263  27.102
1421.512  27.102
1421.778  27.102
1422.043  27.102
1422.292  27.073
1422.558  27.073
1422.807  27.073
1423.072  27.073
1423.322  27.073
1423.587  27.073
1423.852  27.073
1424.102  27.073
1424.367  27.073
1424.617  27.073
1424.882  27.073
1425.132  27.073
1425.397  27.073
1425.662  27.073
1425.912  27.073
1426.177  27.073
1426.426  27.073
1426.692  27.073
1426.957  27.073
1427.206  27.073
1427.472  27.073
1427.721  27.073
1427.986  27.073
1428.236  27.073
1428.517  27.073
1428.782  27.073
1429.032  27.073
1429.297  27.073
1429.546  27.073
1429.812  27.073
1430.077  27.073
1430.326  26.966
1430.592  26.966
1430.841  26.966
1431.106  26.966
1431.356  26.966
1431.621  26.966
1431.886  26.966
1432.136  26.966
1432.401  26.966
1432.651  26.966
1432.916  26.966
1433.166  26.966
1433.431  26.966
1433.680  26.966
1433.946  26.966
1434.211  26.966
1434.460  26.966
1434.726  26.966
1434.975  26.966
1435.240  26.966
1435.506  26.966
1435.755  26.966
1436.020  26.966
1436.270  26.966
1436.535  26.966
1436.800  26.966
1437.050  26.966
1437.315  26.966
1437.565  26.966
1437.830  26.966
1438.095  26.966
1438.345  26.815
1438.610  26.815
1438.860  26.815
1439.125  26.815
1439.390  26.815
1439.640  26.815
1439.905  26.815
1440.155  26.815
1440.420  26.815
1440.669  26.815
1440.935  26.815
1441.200  26.815
1441.449  26.815
1441.715  26.815
1441.980  26.815
1442.229  26.815
1442.495  26.815
1442.744  26.815
1443.009  26.815
1443.275  26.815
1443.540  26.815
1443.789  26.815
1444.055  26.815
1444.320  26.815
1444.569  26.815
1444.835  26.815
1445.100  26.815
1445.349  26.815
1445.615  26.815
1445.880  26.815
1446.129  26.815
1446.395  26.617
1446.660  26.617
1446.909  26.617
1447.175  26.617
1447.440  26.617
1447.705  26.617
1447.955  26.617
1448.220  26.617
1448.485  26.617
1448.735  26.617
1449.000  26.617
1449.265  26.617
1449.515  26.617
1449.780  26.617
1450.045  26.617
1450.295  26.617
1450.560  26.617
1450.825  26.617
1451.075  26.617
1451.340  26.617
1451.605  26.617
1451.870  26.617
1452.120  26.617
1452.385  26.617
1452.650  26.617
1452.900  26.617
1453.165  26.617
1453.430  26.617
1453.695  26.617
1453.945  26.617
1454.210  26.617
1454.475  26.442
1454.741  26.442
1454.990  26.442
1455.255  26.442
1455.521  26.442
1455.770  26.442
1456.035  26.442
1456.301  26.442
1456.566  26.442
1456.815  26.442
1457.081  26.442
1457.346  26.442
1457.611  26.442
1457.861  26.442
1458.126  26.442
1458.391  26.442
1458.641  26.442
1458.906  26.442
1459.171  26.442
1459.436  26.442
1459.686  26.442
1459.951  26.442
1460.216  26.442
1460.481  26.442
1460.731  26.442
1460.996  26.442
1461.261  26.442
1461.527  26.442
1461.776  26.442
1462.041  26.442
1462.307  26.442
1462.572  26.464
1462.821  26.464
1463.087  26.464
1463.352  26.464
1463.617  26.464
1463.882  26.464
1464.132  26.464
1464.397  26.464
1464.662  26.464
1464.927  26.464
1465.177  26.464
1465.442  26.464
1465.707  26.464
1465.973  26.464
1466.222  26.464
1466.487  26.464
1466.753  26.464
1467.018  26.464
1467.267  26.464
1467.533  26.464
1467.798  26.464
1468.063  26.464
1468.328  26.464
1468.578  26.464
1468.843  26.464
1469.108  26.464
1469.373  26.464
1469.639  26.464
1469.888  26.464
1470.153  26.464
1470.419  26.464
1470.684  26.426
1470.949  26.426
1471.199  26.426
1471.464  26.426
1471.729  26.426
1471.994  26.426
1472.260  26.426
1472.509  26.426
1472.774  26.426
1473.040  26.426
1473.305  26.426
1473.570  26.426
1473.820  26.426
1474.085  26.426
1474.350  26.426
1474.615  26.426
1474.880  26.426
1475.146  26.426
1475.395  26.426
1475.660  26.426
1475.926  26.426
1476.191  26.426
1476.456  26.426
1476.721  26.426
1476.971  26.426
1477.236  26.426
1477.501  26.426
1477.766  26.426
1478.032  26.426
1478.297  26.426
1478.562  26.426
1478.812  26.348
1479.077  26.348
1479.342  26.348
1479.607  26.348
1479.872  26.348
1480.138  26.348
1480.387  26.348
1480.652  26.348
1480.918  26.348
1481.183  26.348
1481.448  26.348
1481.713  26.348
1481.978  26.348
1482.244  26.348
1482.493  26.348
1482.758  26.348
1483.024  26.348
1483.289  26.348
1483.554  26.348
1483.819  26.348
1484.084  26.348
1484.350  26.348
1484.615  26.348
1484.880  26.348
1485.130  26.348
1485.395  26.348
1485.660  26.348
1485.925  26.348
1486.190  26.348
1486.456  26.348
1486.721  26.348
1486.986  26.232
1487.251  26.232
1487.501  26.232
1487.766  26.232
1488.031  26.232
1488.296  26.232
1488.562  26.232
1488.827  26.232
1489.092  26.232
1489.357  26.232
1489.607  26.232
1489.872  26.232
1490.137  26.232
1490.402  26.232
1490.668  26.232
1490.933  26.232
1491.198  26.232
1491.463  26.232
1491.728  26.232
1491.978  26.232
1492.243  26.232
1492.508  26.232
1492.774  26.232
1493.039  26.232
1493.304  26.232
1493.569  26.232
1493.834  26.232
1494.100  26.232
1494.365  26.232
1494.630  26.232
1494.880  26.232
1495.145  26.074
1495.410  26.074
1495.675  26.074
1495.940  26.074
1496.206  26.074
1496.471  26.074
1496.736  26.074
1497.001  26.074
1497.266  26.074
1497.516  26.074
1497.781  26.074
1498.046  26.074
1498.312  26.074
1498.577  26.074
1498.842  26.074
1499.107  26.074
1499.372  26.074
1499.638  26.074
1499.903  26.074
1500.168  26.074
1500.433  26.074
1500.698  26.074
1500.964  26.074
1501.229  26.074
1501.494  26.074
1501.759  26.074
1502.024  26.074
1502.290  26.074
1502.555  26.074
1502.820  26.074
1503.085  26.074
1503.351  25.922
1503.616  25.922
1503.881  25.922
1504.146  25.922
1504.411  25.922
1504.677  25.922
1504.942  25.922
1505.207  25.922
1505.472  25.922
1505.737  25.922
1506.003  25.922
1506.268  25.922
1506.533  25.922
1506.798  25.922
1507.048  25.922
1507.313  25.922
1507.578  25.922
1507.843  25.922
1508.109  25.922
1508.374  25.922
1508.655  25.922
1508.920  25.922
1509.185  25.922
1509.450  25.922
1509.715  25.922
1509.981  25.922
1510.246  25.922
1510.511  25.922
1510.776  25.922
1511.041  25.922
1511.307  25.922
1511.572  25.704
1511.837  25.704
1512.102  25.704
1512.367  25.704
1512.633  25.704
1512.898  25.704
1513.163  25.704
1513.428  25.704
1513.693  25.704
1513.959  25.704
1514.224  25.704
1514.489  25.704
1514.754  25.704
1515.019  25.704
1515.285  25.704
1515.550  25.704
1515.815  25.704
1516.080  25.704
1516.345  25.704
1516.611  25.704
1516.876  25.704
1517.141  25.704
1517.406  25.704
1517.671  25.704
1517.937  25.704
1518.202  25.704
1518.467  25.704
1518.732  25.704
1519.013  25.704
1519.278  25.704
1519.543  25.704
1519.809  25.508
1520.074  25.508
1520.339  25.508
1520.604  25.508
1520.869  25.508
1521.135  25.508
1521.400  25.508
1521.665  25.508
1521.930  25.508
1522.195  25.508
1522.461  25.508
1522.726  25.508
1522.991  25.508
1523.256  25.508
1523.537  25.508
1523.802  25.508
1524.067  25.508
1524.333  25.508
1524.598  25.508
1524.863  25.508
1525.128  25.508
1525.393  25.508
1525.659  25.508
1525.924  25.508
1526.189  25.508
1526.454  25.508
1526.719  25.508
1527.000  25.508
1527.265  25.508
1527.531  25.508
1527.796  25.508
1528.061  25.307
1528.326  25.307
1528.591  25.307
1528.857  25.307
1529.122  25.307
1529.387  25.307
1529.652  25.307
1529.933  25.307
1530.198  25.307
1530.463  25.307
1530.729  25.307
1530.994  25.307
1531.259  25.307
1531.524  25.307
1531.789  25.307
1532.055  25.307
1532.320  25.307
1532.601  25.307
1532.866  25.307
1533.131  25.307
1533.396  25.307
1533.661  25.307
1533.927  25.307
1534.192  25.307
1534.473  25.307
1534.738  25.307
1535.003  25.307
1535.268  25.307
1535.534  25.307
1535.799  25.307
1536.064  25.307
1536.345  25.155
1536.610  25.155
1536.875  25.155
1537.140  25.155
1537.406  25.155
1537.686  25.155
1537.952  25.155
1538.217  25.155
1538.482  25.155
1538.747  25.155
1539.012  25.155
1539.278  25.155
1539.558  25.155
1539.824  25.155
1540.089  25.155
1540.354  25.155
1540.619  25.155
1540.884  25.155
1541.150  25.155
1541.430  25.155
1541.696  25.155
1541.961  25.155
1542.226  25.155
1542.491  25.155
1542.772  25.155
1543.037  25.155
1543.302  25.155
1543.568  25.155
1543.833  25.155
1544.098  25.155
1544.379  25.155
1544.644  25.062
1544.909  25.062
1545.174  25.062
1545.455  25.062
1545.720  25.062
1545.986  25.062
1546.251  25.062
1546.516  25.062
1546.781  25.062
1547.062  25.062
1547.327  25.062
1547.592  25.062
1547.858  25.062
1548.138  25.062
1548.404  25.062
1548.669  25.062
1548.934  25.062
1549.199  25.062
1549.480  25.062
1549.745  25.062
1550.010  25.062
1550.276  25.062
1550.541  25.062
1550.822  25.062
1551.087  25.062
1551.352  25.062
1551.617  25.062
1551.898  25.062
1552.163  25.062
1552.428  25.062
1552.694  25.062
1552.974  25.021
1553.240  25.021
1553.505  25.021
1553.770  25.021
1554.035  25.021
1554.316  25.021
1554.581  25.021
1554.846  25.021
1555.127  25.021
1555.392  25.021
1555.658  25.021
1555.923  25.021
1556.204  25.021
1556.469  25.021
1556.734  25.021
1556.999  25.021
1557.280  25.021
1557.545  25.021
1557.810  25.021
1558.076  25.021
1558.356  25.021
1558.622  25.021
1558.887  25.021
1559.152  25.021
1559.433  25.021
1559.698  25.021
1559.963  25.021
1560.228  25.021
1560.509  25.021
1560.774  25.021
1561.040  25.021
1561.305  25.037
1561.586  25.037
1561.851  25.037
1562.116  25.037
1562.381  25.037
1562.662  25.037
1562.927  25.037
1563.192  25.037
1563.473  25.037
1563.738  25.037
1564.004  25.037
1564.269  25.037
1564.550  25.037
1564.815  25.037
1565.080  25.037
1565.361  25.037
1565.626  25.037
1565.891  25.037
1566.157  25.037
1566.437  25.037
1566.703  25.037
1566.968  25.037
1567.249  25.037
1567.514  25.037
1567.779  25.037
1568.060  25.037
1568.325  25.037
1568.590  25.037
1568.871  25.037
1569.136  25.037
1569.401  25.037
1569.682  25.307
1569.947  25.307
1570.213  25.307
1570.493  25.307
1570.759  25.307
1571.024  25.307
1571.305  25.307
1571.570  25.307
1571.835  25.307
1572.116  25.307
1572.381  25.307
1572.646  25.307
1572.927  25.307
1573.192  25.307
1573.457  25.307
1573.738  25.307
1574.003  25.307
1574.269  25.307
1574.549  25.307
1574.815  25.307
1575.080  25.307
1575.361  25.307
1575.626  25.307
1575.891  25.307
1576.172  25.307
1576.437  25.307
1576.702  25.307
1576.983  25.307
1577.248  25.307
1577.513  25.307
1577.794  25.307
1578.059  25.909
1578.325  25.909
1578.605  25.909
1578.871  25.909
1579.136  25.909
1579.417  25.909
1579.682  25.909
1579.963  25.909
1580.228  25.909
1580.509  25.909
1580.774  25.909
1581.039  25.909
1581.320  25.909
1581.585  25.909
1581.850  25.909
1582.131  25.909
1582.396  25.909
1582.677  25.909
1582.942  25.909
1583.207  25.909
1583.488  25.909
1583.753  25.909
1584.034  25.909
1584.299  25.909
1584.565  25.909
1584.845  25.909
1585.111  25.909
1585.391  25.909
1585.657  25.909
1585.922  25.909
1586.203  25.909
1586.468  26.267
1586.749  26.267
1587.014  26.267
1587.295  26.267
1587.560  26.267
1587.825  26.267
1588.106  26.267
1588.371  26.267
1588.652  26.267
1588.917  26.267
1589.198  26.267
1589.463  26.267
1589.744  26.267
1590.009  26.267
1590.274  26.267
1590.555  26.267
1590.820  26.267
1591.101  26.267
1591.366  26.267
1591.647  26.267
1591.912  26.267
1592.193  26.267
1592.458  26.267
1592.739  26.267
1593.004  26.267
1593.285  26.267
1593.550  26.267
1593.815  26.267
1594.096  26.267
1594.361  26.267
1594.642  26.267
1594.907  26.442
1595.188  26.442
1595.453  26.442
1595.734  26.442
1595.999  26.442
1596.280  26.442
1596.546  26.442
1596.826  26.442
1597.092  26.442
1597.357  26.442
1597.638  26.442
1597.903  26.442
1598.184  26.442
1598.449  26.442
1598.730  26.442
1598.995  26.442
1599.276  26.442
1599.541  26.442
1599.822  26.442
1600.087  26.442
1600.368  26.442
1600.633  26.442
1600.914  26.442
1601.179  26.442
1601.460  26.442
1601.725  26.442
1602.006  26.442
1602.271  26.442
1602.552  26.442
1602.817  26.442
1603.098  26.442
1603.363  26.544
1603.644  26.544
1603.909  26.544
1604.190  26.544
1604.455  26.544
1604.736  26.544
1605.001  26.544
1605.282  26.544
1605.547  26.544
1605.828  26.544
1606.093  26.544
1606.374  26.544
1606.639  26.544
1606.920  26.544
1607.185  26.544
1607.466  26.544
1607.731  26.544
1608.012  26.544
1608.277  26.544
1608.558  26.544
1608.838  26.544
1609.104  26.544
1609.384  26.544
1609.650  26.544
1609.930  26.544
1610.196  26.544
1610.476  26.544
1610.742  26.544
1611.022  26.544
1611.303  26.544
1611.568  26.544
1611.849  26.596
1612.114  26.596
1612.395  26.596
1612.660  26.596
1612.941  26.596
1613.222  26.596
1613.487  26.596
1613.768  26.596
1614.033  26.596
1614.314  26.596
1614.579  26.596
1614.860  26.596
1615.141  26.596
1615.406  26.596
1615.687  26.596
1615.952  26.596
1616.233  26.596
1616.498  26.596
1616.779  26.596
1617.060  26.596
1617.325  26.596
1617.606  26.596
1617.871  26.596
1618.152  26.596
1618.417  26.596
1618.698  26.596
1618.978  26.596
1619.244  26.596
1619.524  26.596
1619.790  26.596
1620.070  26.596
1620.336  26.636
1620.616  26.636
1620.897  26.636
1621.162  26.636
1621.443  26.636
1621.708  26.636
1621.989  26.636
1622.270  26.636
1622.535  26.636
1622.816  26.636
1623.081  26.636
1623.362  26.636
1623.643  26.636
1623.908  26.636
1624.189  26.636
1624.470  26.636
1624.735  26.636
1625.016  26.636
1625.296  26.636
1625.562  26.636
1625.842  26.636
1626.108  26.636
1626.388  26.636
1626.669  26.636
1626.934  26.636
1627.215  26.636
1627.496  26.636
1627.761  26.636
1628.042  26.636
1628.307  26.636
1628.588  26.636
1628.869  26.675
1629.134  26.675
1629.415  26.675
1629.680  26.675
1629.961  26.675
1630.242  26.675
1630.507  26.675
1630.788  26.675
1631.069  26.675
1631.334  26.675
1631.615  26.675
1631.895  26.675
1632.161  26.675
1632.441  26.675
1632.722  26.675
1632.987  26.675
1633.268  26.675
1633.549  26.675
1633.814  26.675
1634.095  26.675
1634.376  26.675
1634.641  26.675
1634.922  26.675
1635.203  26.675
1635.468  26.675
1635.749  26.675
1636.029  26.675
1636.295  26.675
1636.575  26.675
1636.856  26.675
1637.121  26.675
1637.402  26.680
1637.683  26.680
1637.964  26.680
1638.229  26.680
1638.510  26.680
1638.791  26.680
1639.056  26.680
1639.337  26.680
1639.617  26.680
1639.883  26.680
1640.163  26.680
1640.444  26.680
1640.709  26.680
1640.990  26.680
1641.271  26.680
1641.552  26.680
1641.817  26.680
1642.098  26.680
1642.379  26.680
1642.659  26.680
1642.925  26.680
1643.205  26.680
1643.486  26.680
1643.751  26.680
1644.032  26.680
1644.313  26.680
1644.594  26.680
1644.859  26.680
1645.140  26.680
1645.421  26.680
1645.701  26.680
1645.967  26.699
1646.247  26.699
1646.528  26.699
1646.809  26.699
1647.074  26.699
1647.355  26.699
1647.636  26.699
1647.901  26.699
1648.182  26.699
1648.463  26.699
1648.743  26.699
1649.009  26.699
1649.289  26.699
1649.570  26.699
1649.851  26.699
1650.116  26.699
1650.397  26.699
1650.678  26.699
1650.959  26.699
1651.224  26.699
1651.505  26.699
1651.785  26.699
1652.051  26.699
1652.331  26.699
1652.612  26.699
1652.893  26.699
1653.158  26.699
1653.439  26.699
1653.720  26.699
1654.001  26.699
1654.281  26.699
1654.547  26.709
1654.827  26.709
1655.108  26.709
1655.389  26.709
1655.670  26.709
1655.935  26.709
1656.216  26.709
1656.497  26.709
1656.777  26.709
1657.058  26.709
1657.323  26.709
1657.604  26.709
1657.885  26.709
1658.166  26.709
1658.447  26.709
1658.728  26.709
1658.993  26.709
1659.274  26.709
1659.554  26.709
1659.835  26.709
1660.116  26.709
1660.397  26.709
1660.662  26.709
1660.943  26.709
1661.224  26.709
1661.504  26.709
1661.785  26.709
1662.066  26.709
1662.347  26.709
1662.612  26.709
1662.893  26.709
1663.174  26.711
1663.454  26.711
1663.735  26.711
1664.016  26.711
1664.297  26.711
1664.578  26.711
1664.843  26.711
1665.124  26.711
1665.404  26.711
1665.685  26.711
1665.966  26.711
1666.247  26.711
1666.528  26.711
1666.808  26.711
1667.074  26.711
1667.354  26.711
1667.635  26.711
1667.916  26.711
1668.197  26.711
1668.478  26.711
1668.758  26.711
1669.039  26.711
1669.320  26.711
1669.585  26.711
1669.866  26.711
1670.147  26.711
1670.428  26.711
1670.708  26.711
1670.989  26.711
1671.270  26.711
1671.535  26.711
1671.816  26.716
1672.097  26.716
1672.378  26.716
1672.658  26.716
1672.939  26.716
1673.220  26.716
1673.501  26.716
1673.782  26.716
1674.047  26.716
1674.328  26.716
1674.608  26.716
1674.889  26.716
1675.170  26.716
1675.451  26.716
1675.732  26.716
1676.012  26.716
1676.278  26.716
1676.558  26.716
1676.839  26.716
1677.120  26.716
1677.401  26.716
1677.682  26.716
1677.962  26.716
1678.243  26.716
1678.524  26.716
1678.805  26.716
1679.086  26.716
1679.351  26.716
1679.632  26.716
