1343.917  26.262
1344.183  26.262
1344.432  26.262
1344.682  26.262
1344.931  26.262
1345.181  26.262
1345.431  26.262
1345.680  26.249
1345.930  26.248
1346.179  26.249
1346.429  26.248
1346.679  26.248
1346.928  26.263
1347.178  26.253
1347.428  26.253
1347.677  26.253
1347.942  26.253
1348.192  26.253
1348.442  26.253
1348.691  26.253
1348.941  26.253
1349.190  26.253
1349.440  26.252
1349.690  26.245
1349.939  26.235
1350.189  26.237
1350.438  26.246
1350.704  26.249
1350.953  26.251
1351.203  26.249
1351.452  26.236
1351.702  26.259
1351.952  26.263
1352.201  26.236
1352.451  26.245
1352.700  26.250
1352.950  26.242
1353.215  26.259
1353.465  26.249
1353.714  26.252
1353.964  26.260
1354.214  26.247
1354.463  26.240
1354.713  26.248
1354.962  26.241
1355.228  26.248
1355.477  26.239
1355.727  26.240
1355.976  26.248
1356.226  26.236
1356.476  26.249
1356.725  26.251
1356.990  26.243
1357.240  26.257
1357.490  26.250
1357.739  26.257
1357.989  26.251
1358.238  26.241
1358.488  26.237
1358.753  26.230
1359.003  26.250
1359.252  26.236
1359.502  26.256
1359.752  26.268
1360.017  26.244
1360.266  26.269
1360.516  26.246
1360.766  26.269
1361.015  26.257
1361.265  26.239
1361.514  26.249
1361.780  26.234
1362.029  26.238
1362.279  26.244
1362.528  26.235
1362.778  26.239
1363.028  26.244
1363.293  26.248
1363.542  26.257
1363.792  26.244
1364.042  26.257
1364.291  26.240
1364.556  26.231
1364.806  26.253
1365.056  26.241
1365.305  26.254
1365.555  26.272
1365.804  26.284
1366.070  26.311
1366.319  26.344
1366.569  26.324
1366.818  26.354
1367.068  26.364
1367.333  26.351
1367.583  26.365
1367.832  26.352
1368.082  26.351
1368.332  26.345
1368.581  26.331
1368.846  26.329
1369.096  26.309
1369.346  26.336
1369.595  26.342
1369.845  26.340
1370.110  26.339
1370.360  26.333
1370.609  26.346
1370.859  26.353
1371.108  26.342
1371.358  26.337
1371.623  26.319
1371.873  26.327
1372.122  26.349
1372.372  26.338
1372.622  26.337
1372.887  26.334
1373.136  26.344
1373.386  26.368
1373.651  26.387
1373.901  26.413
1374.150  26.453
1374.400  26.461
1374.650  26.449
1374.915  26.447
1375.164  26.446
1375.414  26.429
1375.679  26.381
1375.929  26.421
1376.178  26.418
1376.428  26.417
1376.693  26.393
1376.943  26.328
1377.192  26.326
1377.442  26.332
1377.707  26.389
1377.957  26.357
1378.207  26.313
1378.472  26.308
1378.721  26.296
1378.971  26.292
1379.236  26.300
1379.486  26.277
1379.735  26.250
1379.985  26.264
1380.250  26.263
1380.500  26.248
1380.749  26.225
1381.015  26.198
1381.264  26.171
1381.514  26.175
1381.779  26.176
1382.029  26.164
1382.278  26.148
1382.543  26.155
1382.793  26.143
1383.043  26.130
1383.308  26.112
1383.557  26.093
1383.807  26.055
1384.072  26.163
1384.322  26.150
1384.571  26.141
1384.837  26.262
1385.086  26.289
1385.336  26.296
1385.601  26.373
1385.851  26.366
1386.100  26.256
1386.365  26.249
1386.615  26.285
1386.880  26.244
1387.130  26.284
1387.379  26.286
1387.645  26.251
1387.894  26.263
1388.144  26.265
1388.409  26.252
1388.659  26.234
1388.908  26.226
1389.173  26.218
1389.423  26.210
1389.673  26.201
1389.938  26.188
1390.187  26.180
1390.453  26.198
1390.702  26.208
1390.952  26.207
1391.217  26.190
1391.467  26.192
1391.732  26.186
1391.981  26.137
1392.231  26.163
1392.496  26.190
1392.746  26.247
1393.011  26.273
1393.261  26.290
1393.510  26.357
1393.775  26.375
1394.025  26.294
1394.290  26.344
1394.540  26.321
1394.789  26.327
1395.055  26.320
1395.304  26.311
1395.569  26.296
1395.819  26.289
1396.069  26.318
1396.334  26.329
1396.583  26.337
1396.849  26.335
1397.098  26.304
1397.348  26.316
1397.613  26.334
1397.863  26.301
1398.128  26.303
1398.377  26.297
1398.643  26.291
1398.892  26.289
1399.142  26.302
1399.407  26.324
1399.657  26.317
1399.922  26.314
1400.171  26.319
1400.421  26.293
1400.686  26.294
1400.936  26.307
1401.201  26.308
1401.451  26.301
1401.700  26.293
1401.965  26.280
1402.215  26.282
1402.480  26.284
1402.730  26.286
1402.995  26.294
1403.245  26.284
1403.510  26.261
1403.759  26.268
1404.009  26.279
1404.274  26.282
1404.524  26.268
1404.789  26.272
1405.039  26.288
1405.304  26.274
1405.553  26.277
1405.819  26.274
1406.068  26.273
1406.333  26.271
1406.583  26.289
1406.833  26.286
1407.098  26.308
1407.347  26.283
1407.613  26.271
1407.862  26.279
1408.127  26.285
1408.377  26.265
1408.642  26.257
1408.892  26.269
1409.157  26.264
1409.407  26.255
1409.672  26.273
1409.922  26.271
1410.187  26.249
1410.436  26.285
1410.702  26.260
1410.951  26.253
1411.216  26.276
1411.466  26.259
1411.731  26.272
1411.981  26.280
1412.246  26.280
1412.496  26.279
1412.761  26.292
1413.010  26.275
1413.276  26.265
1413.525  26.266
1413.790  26.266
1414.040  26.280
1414.305  26.264
1414.555  26.299
1414.820  26.286
1415.070  26.272
1415.335  26.276
1415.584  26.272
1415.850  26.264
1416.099  26.268
1416.364  26.259
1416.614  26.274
1416.879  26.307
1417.129  26.282
1417.394  26.270
1417.644  26.262
1417.909  26.267
1418.158  26.263
1418.424  26.274
1418.673  26.278
1418.938  26.284
1419.204  26.314
1419.453  26.287
1419.718  26.268
1419.968  26.270
1420.233  26.268
1420.483  26.247
1420.748  26.252
1420.998  26.285
1421.263  26.260
1421.512  26.264
1421.778  26.294
1422.043  26.278
1422.292  26.271
1422.558  26.265
1422.807  26.256
1423.072  26.250
1423.322  26.275
1423.587  26.265
1423.852  26.251
1424.102  26.252
1424.367  26.273
1424.617  26.269
1424.882  26.251
1425.132  26.256
1425.397  26.243
1425.662  26.243
1425.912  26.255
1426.177  26.246
1426.426  26.232
1426.692  26.233
1426.957  26.237
1427.206  26.216
1427.472  26.236
1427.721  26.224
1427.986  26.231
1428.236  26.216
1428.517  26.218
1428.782  26.203
1429.032  26.195
1429.297  26.205
1429.546  26.208
1429.812  26.194
1430.077  26.179
1430.326  26.199
1430.592  26.183
1430.841  26.176
1431.106  26.173
1431.356  26.193
1431.621  26.178
1431.886  26.164
1432.136  26.152
1432.401  26.151
1432.651  26.149
1432.916  26.153
1433.166  26.150
1433.431  26.144
1433.680  26.143
1433.946  26.127
1434.211  26.131
1434.460  26.117
1434.726  26.138
1434.975  26.122
1435.240  26.126
1435.506  26.111
1435.755  26.100
1436.020  26.092
1436.270  26.083
1436.535  26.087
1436.800  26.090
1437.050  26.089
1437.315  26.068
1437.565  26.066
1437.830  26.062
1438.095  26.082
1438.345  26.066
1438.610  26.071
1438.860  26.064
1439.125  26.059
1439.390  26.038
1439.640  26.037
1439.905  26.025
1440.155  26.007
1440.420  26.014
1440.669  26.000
1440.935  25.996
1441.200  25.991
1441.449  25.986
1441.715  25.995
1441.980  26.005
1442.229  25.989
1442.495  25.993
1442.744  25.968
1443.009  25.968
1443.275  25.960
1443.540  25.943
1443.789  25.932
1444.055  25.936
1444.320  25.955
1444.569  25.943
1444.835  25.943
1445.100  25.920
1445.349  25.917
1445.615  25.918
1445.880  25.928
1446.129  25.899
1446.395  25.893
1446.660  25.881
1446.909  25.885
1447.175  25.862
1447.440  25.863
1447.705  25.859
1447.955  25.868
1448.220  25.878
1448.485  25.855
1448.735  25.843
1449.000  25.827
1449.265  25.829
1449.515  25.834
1449.780  25.794
1450.045  25.800
1450.295  25.822
1450.560  25.827
1450.825  25.820
1451.075  25.783
1451.340  25.773
1451.605  25.779
1451.870  25.784
1452.120  25.768
1452.385  25.757
1452.650  25.767
1452.900  25.763
1453.165  25.768
1453.430  25.765
1453.695  25.767
1453.945  25.751
1454.210  25.727
1454.475  25.727
1454.741  25.720
1454.990  25.717
1455.255  25.705
1455.521  25.722
1455.770  25.721
1456.035  25.723
1456.301  25.720
1456.566  25.705
1456.815  25.706
1457.081  25.725
1457.346  25.735
1457.611  25.730
1457.861  25.729
1458.126  25.740
1458.391  25.739
1458.641  25.723
1458.906  25.741
1459.171  25.729
1459.436  25.700
1459.686  25.693
1459.951  25.703
1460.216  25.708
1460.481  25.692
1460.731  25.700
1460.996  25.706
1461.261  25.673
1461.527  25.668
1461.776  25.683
1462.041  25.669
1462.307  25.631
1462.572  25.639
1462.821  25.659
1463.087  25.677
1463.352  25.641
1463.617  25.638
1463.882  25.642
1464.132  25.643
1464.397  25.641
1464.662  25.641
1464.927  25.644
1465.177  25.640
1465.442  25.649
1465.707  25.659
1465.973  25.659
1466.222  25.649
1466.487  25.660
1466.753  25.652
1467.018  25.662
1467.267  25.675
1467.533  25.647
1467.798  25.665
1468.063  25.673
1468.328  25.655
1468.578  25.663
1468.843  25.671
1469.108  25.654
1469.373  25.638
1469.639  25.640
1469.888  25.653
1470.153  25.639
1470.419  25.631
1470.684  25.629
1470.949  25.630
1471.199  25.647
1471.464  25.635
1471.729  25.640
1471.994  25.634
1472.260  25.633
1472.509  25.639
1472.774  25.633
1473.040  25.625
1473.305  25.623
1473.570  25.635
1473.820  25.633
1474.085  25.638
1474.350  25.626
1474.615  25.627
1474.880  25.635
1475.146  25.623
1475.395  25.605
1475.660  25.595
1475.926  25.613
1476.191  25.629
1476.456  25.618
1476.721  25.612
1476.971  25.606
1477.236  25.592
1477.501  25.606
1477.766  25.591
1478.032  25.590
1478.297  25.604
1478.562  25.602
1478.812  25.615
1479.077  25.609
1479.342  25.583
1479.607  25.585
1479.872  25.570
1480.138  25.586
1480.387  25.587
1480.652  25.565
1480.918  25.600
1481.183  25.611
1481.448  25.576
1481.713  25.551
1481.978  25.555
1482.244  25.566
1482.493  25.540
1482.758  25.530
1483.024  25.541
1483.289  25.522
1483.554  25.529
1483.819  25.541
1484.084  25.541
1484.350  25.503
1484.615  25.540
1484.880  25.532
1485.130  25.505
1485.395  25.524
1485.660  25.513
1485.925  25.507
1486.190  25.471
1486.456  25.479
1486.721  25.494
1486.986  25.482
1487.251  25.480
1487.501  25.490
1487.766  25.465
1488.031  25.458
1488.296  25.480
1488.562  25.489
1488.827  25.447
1489.092  25.463
1489.357  25.450
1489.607  25.444
1489.872  25.446
1490.137  25.433
1490.402  25.429
1490.668  25.409
1490.933  25.418
1491.198  25.419
1491.463  25.419
1491.728  25.404
1491.978  25.415
1492.243  25.410
1492.508  25.380
1492.774  25.402
1493.039  25.392
1493.304  25.385
1493.569  25.367
1493.834  25.370
1494.100  25.372
1494.365  25.363
1494.630  25.358
1494.880  25.369
1495.145  25.346
1495.410  25.336
1495.675  25.350
1495.940  25.367
1496.206  25.320
1496.471  25.320
1496.736  25.328
1497.001  25.316
1497.266  25.317
1497.516  25.308
1497.781  25.300
1498.046  25.315
1498.312  25.278
1498.577  25.287
1498.842  25.280
1499.107  25.273
1499.372  25.284
1499.638  25.280
1499.903  25.261
1500.168  25.263
1500.433  25.282
1500.698  25.246
1500.964  25.256
1501.229  25.239
1501.494  25.241
1501.759  25.245
1502.024  25.229
1502.290  25.226
1502.555  25.230
1502.820  25.202
1503.085  25.204
1503.351  25.195
1503.616  25.211
1503.881  25.193
1504.146  25.191
1504.411  25.184
1504.677  25.168
1504.942  25.197
1505.207  25.156
1505.472  25.172
1505.737  25.154
1506.003  25.147
1506.268  25.160
1506.533  25.128
1506.798  25.142
1507.048  25.123
1507.313  25.132
1507.578  25.123
1507.843  25.091
1508.109  25.105
1508.374  25.086
1508.655  25.086
1508.920  25.080
1509.185  25.061
1509.450  25.065
1509.715  25.053
1509.981  25.069
1510.246  25.043
1510.511  25.044
1510.776  25.052
1511.041  25.026
1511.307  25.036
1511.572  25.013
1511.837  25.029
1512.102  25.015
1512.367  25.016
1512.633  25.000
1512.898  24.990
1513.163  24.988
1513.428  24.974
1513.693  24.979
1513.959  24.949
1514.224  24.961
1514.489  24.951
1514.754  24.936
1515.019  24.933
1515.285  24.938
1515.550  24.914
1515.815  24.917
1516.080  24.893
1516.345  24.927
1516.611  24.908
1516.876  24.888
1517.141  24.892
1517.406  24.867
1517.671  24.876
1517.937  24.872
1518.202  24.872
1518.467  24.835
1518.732  24.856
1519.013  24.844
1519.278  24.826
1519.543  24.828
1519.809  24.836
1520.074  24.805
1520.339  24.801
1520.604  24.808
1520.869  24.799
1521.135  24.790
1521.400  24.781
1521.665  24.782
1521.930  24.776
1522.195  24.783
1522.461  24.761
1522.726  24.767
1522.991  24.738
1523.256  24.747
1523.537  24.725
1523.802  24.747
1524.067  24.719
1524.333  24.718
1524.598  24.720
1524.863  24.697
1525.128  24.691
1525.393  24.680
1525.659  24.670
1525.924  24.662
1526.189  24.664
1526.454  24.660
1526.719  24.665
1527.000  24.642
1527.265  24.658
1527.531  24.628
1527.796  24.659
1528.061  24.633
1528.326  24.630
1528.591  24.616
1528.857  24.601
1529.122  24.599
1529.387  24.588
1529.652  24.583
1529.933  24.578
1530.198  24.571
1530.463  24.556
1530.729  24.546
1530.994  24.554
1531.259  24.547
1531.524  24.538
1531.789  24.535
1532.055  24.540
1532.320  24.521
1532.601  24.534
1532.866  24.522
1533.131  24.534
1533.396  24.516
1533.661  24.505
1533.927  24.501
1534.192  24.493
1534.473  24.495
1534.738  24.484
1535.003  24.496
1535.268  24.484
1535.534  24.486
1535.799  24.479
1536.064  24.476
1536.345  24.455
1536.610  24.447
1536.875  24.438
1537.140  24.445
1537.406  24.457
1537.686  24.425
1537.952  24.425
1538.217  24.417
1538.482  24.410
1538.747  24.400
1539.012  24.398
1539.278  24.382
1539.558  24.377
1539.824  24.386
1540.089  24.373
1540.354  24.378
1540.619  24.367
1540.884  24.362
1541.150  24.367
1541.430  24.358
1541.696  24.361
1541.961  24.357
1542.226  24.358
1542.491  24.338
1542.772  24.329
1543.037  24.342
1543.302  24.349
1543.568  24.345
1543.833  24.354
1544.098  24.343
1544.379  24.347
1544.644  24.341
1544.909  24.341
1545.174  24.351
1545.455  24.351
1545.720  24.327
1545.986  24.337
1546.251  24.328
1546.516  24.313
1546.781  24.306
1547.062  24.318
1547.327  24.322
1547.592  24.303
1547.858  24.307
1548.138  24.299
1548.404  24.290
1548.669  24.293
1548.934  24.309
1549.199  24.294
1549.480  24.296
1549.745  24.289
1550.010  24.286
1550.276  24.290
1550.541  24.284
1550.822  24.285
1551.087  24.274
1551.352  24.268
1551.617  24.271
1551.898  24.292
1552.163  24.302
1552.428  24.270
1552.694  24.280
1552.974  24.272
1553.240  24.264
1553.505  24.273
1553.770  24.285
1554.035  24.274
1554.316  24.257
1554.581  24.271
1554.846  24.265
1555.127  24.260
1555.392  24.251
1555.658  24.278
1555.923  24.259
1556.204  24.265
1556.469  24.256
1556.734  24.266
1556.999  24.253
1557.280  24.263
1557.545  24.251
1557.810  24.244
1558.076  24.264
1558.356  24.268
1558.622  24.257
1558.887  24.269
1559.152  24.251
1559.433  24.272
1559.698  24.283
1559.963  24.276
1560.228  24.300
1560.509  24.311
1560.774  24.298
1561.040  24.289
1561.305  24.312
1561.586  24.302
1561.851  24.291
1562.116  24.292
1562.381  24.302
1562.662  24.305
1562.927  24.288
1563.192  24.303
1563.473  24.297
1563.738  24.323
1564.004  24.325
1564.269  24.326
1564.550  24.325
1564.815  24.332
1565.080  24.363
1565.361  24.352
1565.626  24.372
1565.891  24.359
1566.157  24.386
1566.437  24.382
1566.703  24.363
1566.968  24.377
1567.249  24.387
1567.514  24.424
1567.779  24.445
1568.060  24.439
1568.325  24.452
1568.590  24.465
1568.871  24.480
1569.136  24.493
1569.401  24.509
1569.682  24.528
1569.947  24.507
1570.213  24.521
1570.493  24.523
1570.759  24.540
1571.024  24.554
1571.305  24.550
1571.570  24.546
1571.835  24.570
1572.116  24.591
1572.381  24.617
1572.646  24.635
1572.927  24.656
1573.192  24.660
1573.457  24.664
1573.738  24.662
1574.003  24.681
1574.269  24.687
1574.549  24.690
1574.815  24.717
1575.080  24.730
1575.361  24.752
1575.626  24.745
1575.891  24.756
1576.172  24.780
1576.437  24.799
1576.702  24.798
1576.983  24.816
1577.248  24.840
1577.513  24.842
1577.794  24.838
1578.059  24.846
1578.325  24.850
1578.605  24.881
1578.871  24.894
1579.136  24.913
1579.417  24.938
1579.682  24.971
1579.963  24.968
1580.228  25.006
1580.509  25.014
1580.774  25.042
1581.039  25.062
1581.320  25.084
1581.585  25.121
1581.850  25.118
1582.131  25.156
1582.396  25.161
1582.677  25.192
1582.942  25.196
1583.207  25.227
1583.488  25.238
1583.753  25.263
1584.034  25.250
1584.299  25.280
1584.565  25.286
1584.845  25.297
1585.111  25.322
1585.391  25.324
1585.657  25.337
1585.922  25.332
1586.203  25.336
1586.468  25.374
1586.749  25.376
1587.014  25.372
1587.295  25.381
1587.560  25.412
1587.825  25.426
1588.106  25.403
1588.371  25.432
1588.652  25.433
1588.917  25.444
1589.198  25.452
1589.463  25.443
1589.744  25.464
1590.009  25.459
1590.274  25.477
1590.555  25.477
1590.820  25.466
1591.101  25.479
1591.366  25.487
1591.647  25.484
1591.912  25.499
1592.193  25.494
1592.458  25.512
1592.739  25.535
1593.004  25.535
1593.285  25.523
1593.550  25.556
1593.815  25.546
1594.096  25.568
1594.361  25.560
1594.642  25.551
1594.907  25.568
1595.188  25.568
1595.453  25.561
1595.734  25.573
1595.999  25.579
1596.280  25.603
1596.546  25.596
1596.826  25.594
1597.092  25.602
1597.357  25.601
1597.638  25.627
1597.903  25.660
1598.184  25.646
1598.449  25.632
1598.730  25.634
1598.995  25.643
1599.276  25.638
1599.541  25.646
1599.822  25.642
1600.087  25.662
1600.368  25.655
1600.633  25.685
1600.914  25.678
1601.179  25.671
1601.460  25.674
1601.725  25.676
1602.006  25.668
1602.271  25.680
1602.552  25.674
1602.817  25.687
1603.098  25.689
1603.363  25.711
1603.644  25.711
1603.909  25.697
1604.190  25.708
1604.455  25.686
1604.736  25.705
1605.001  25.704
1605.282  25.705
1605.547  25.711
1605.828  25.703
1606.093  25.716
1606.374  25.703
1606.639  25.716
1606.920  25.726
1607.185  25.720
1607.466  25.723
1607.731  25.724
1608.012  25.731
1608.277  25.730
1608.558  25.719
1608.838  25.729
1609.104  25.726
1609.384  25.747
1609.650  25.740
1609.930  25.733
1610.196  25.740
1610.476  25.734
1610.742  25.736
1611.022  25.739
1611.303  25.747
1611.568  25.747
1611.849  25.742
1612.114  25.752
1612.395  25.743
1612.660  25.752
1612.941  25.756
1613.222  25.748
1613.487  25.757
1613.768  25.756
1614.033  25.767
1614.314  25.758
1614.579  25.760
1614.860  25.764
1615.141  25.762
1615.406  25.783
1615.687  25.768
1615.952  25.766
1616.233  25.763
1616.498  25.762
1616.779  25.778
1617.060  25.772
1617.325  25.783
1617.606  25.779
1617.871  25.777
1618.152  25.783
1618.417  25.786
1618.698  25.781
1618.978  25.779
1619.244  25.794
1619.524  25.792
1619.790  25.792
1620.070  25.782
1620.336  25.789
1620.616  25.790
1620.897  25.797
1621.162  25.809
1621.443  25.796
1621.708  25.792
1621.989  25.796
1622.270  25.796
1622.535  25.800
1622.816  25.815
1623.081  25.808
1623.362  25.816
1623.643  25.812
1623.908  25.804
1624.189  25.806
1624.470  25.809
1624.735  25.815
1625.016  25.824
1625.296  25.809
1625.562  25.811
1625.842  25.814
1626.108  25.813
1626.388  25.820
1626.669  25.832
1626.934  25.834
1627.215  25.822
1627.496  25.822
1627.761  25.829
1628.042  25.819
1628.307  25.835
1628.588  25.840
1628.869  25.828
1629.134  25.835
1629.415  25.837
1629.680  25.825
1629.961  25.838
1630.242  25.847
1630.507  25.833
1630.788  25.843
1631.069  25.843
1631.334  25.834
1631.615  25.841
1631.895  25.852
1632.161  25.841
1632.441  25.846
1632.722  25.849
1632.987  25.844
1633.268  25.845
1633.549  25.857
1633.814  25.862
1634.095  25.847
1634.376  25.854
1634.641  25.845
1634.922  25.854
1635.203  25.851
1635.468  25.865
1635.749  25.853
1636.029  25.846
1636.295  25.854
1636.575  25.866
1636.856  25.854
1637.121  25.865
1637.402  25.868
1637.683  25.850
1637.964  25.873
1638.229  25.864
1638.510  25.859
1638.791  25.867
1639.056  25.855
1639.337  25.856
1639.617  25.849
1639.883  25.861
1640.163  25.871
1640.444  25.853
1640.709  25.866
1640.990  25.892
1641.271  25.864
1641.552  25.855
1641.817  25.853
1642.098  25.874
1642.379  25.856
1642.659  25.858
1642.925  25.880
1643.205  25.877
1643.486  25.868
1643.751  25.863
1644.032  25.871
1644.313  25.872
1644.594  25.865
1644.859  25.874
1645.140  25.871
1645.421  25.876
1645.701  25.859
1645.967  25.884
1646.247  25.896
1646.528  25.873
1646.809  25.865
1647.074  25.898
1647.355  25.883
1647.636  25.861
1647.901  25.878
1648.182  25.893
1648.463  25.876
1648.743  25.860
1649.009  25.886
1649.289  25.889
1649.570  25.899
1649.851  25.874
1650.116  25.881
1650.397  25.879
1650.678  25.881
1650.959  25.872
1651.224  25.902
1651.505  25.900
1651.785  25.870
1652.051  25.883
1652.331  25.902
1652.612  25.887
1652.893  25.898
1653.158  25.905
1653.439  25.899
1653.720  25.878
1654.001  25.882
1654.281  25.900
1654.547  25.896
1654.827  25.903
1655.108  25.890
1655.389  25.895
1655.670  25.905
1655.935  25.895
1656.216  25.914
1656.497  25.890
1656.777  25.900
1657.058  25.917
1657.323  25.902
1657.604  25.886
1657.885  25.896
1658.166  25.911
1658.447  25.890
1658.728  25.896
1658.993  25.912
1659.274  25.907
1659.554  25.917
1659.835  25.898
1660.116  25.910
1660.397  25.899
1660.662  25.897
1660.943  25.928
1661.224  25.905
1661.504  25.897
1661.785  25.890
1662.066  25.901
1662.347  25.905
1662.612  25.906
1662.893  25.896
1663.174  25.885
1663.454  25.896
1663.735  25.907
1664.016  25.913
1664.297  25.896
1664.578  25.896
1664.843  25.883
1665.124  25.896
1665.404  25.899
1665.685  25.902
1665.966  25.911
1666.247  25.921
1666.528  25.906
1666.808  25.922
1667.074  25.903
1667.354  25.901
1667.635  25.932
1667.916  25.899
1668.197  25.908
1668.478  25.905
1668.758  25.912
1669.039  25.933
1669.320  25.899
1669.585  25.899
1669.866  25.887
1670.147  25.905
1670.428  25.911
1670.708  25.914
1670.989  25.901
1671.270  25.888
1671.535  25.915
1671.816  25.931
1672.097  25.915
1672.378  25.906
1672.658  25.892
1672.939  25.880
1673.220  25.917
1673.501  25.901
1673.782  25.921
1674.047  25.894
1674.328  25.936
1674.608  25.907
1674.889  25.901
1675.170  25.889
1675.451  25.903
1675.732  25.937
1676.012  25.902
1676.278  25.902
1676.558  25.894
1676.839  25.940
1677.120  25.937
1677.401  25.908
1677.682  25.903
1677.962  25.894
1678.243  25.905
1678.524  25.920
1678.805  25.895
1679.086  25.900
1679.351  25.902
1679.632  25.901
1679.912  25.913
1680.193  25.897
1680.474  25.897
1680.755  25.897
1681.036  25.897
1681.316  25.897
1681.597  25.897
1681.862  25.897
1682.143  25.897
1682.424  25.897
1682.705  25.897
1682.986  25.897
1683.266  25.897
