1343.917  26.262
1344.183  26.262
1344.432  26.262
1344.682  26.262
1344.931  26.262
1345.181  26.262
1345.431  26.262
1345.680  26.249
1345.930  26.248
1346.179  26.249
1346.429  26.248
1346.679  26.248
1346.928  26.263
1347.178  26.253
1347.428  26.253
1347.677  26.253
1347.942  26.253
1348.192  26.253
1348.442  26.253
1348.691  26.253
1348.941  26.253
1349.190  26.253
1349.440  26.252
1349.690  26.245
1349.939  26.235
1350.189  26.237
1350.438  26.246
1350.704  26.249
1350.953  26.251
1351.203  26.249
1351.452  26.236
1351.702  26.259
1351.952  26.263
1352.201  26.236
1352.451  26.245
1352.700  26.250
1352.950  26.242
1353.215  26.259
1353.465  26.249
1353.714  26.252
1353.964  26.260
1354.214  26.247
1354.463  26.240
1354.713  26.248
1354.962  26.241
1355.228  26.248
1355.477  26.239
1355.727  26.240
1355.976  26.248
1356.226  26.236
1356.476  26.249
1356.725  26.251
1356.990  26.243
1357.240  26.257
1357.490  26.250
1357.739  26.257
1357.989  26.251
1358.238  26.241
1358.488  26.237
1358.753  26.230
1359.003  26.250
1359.252  26.236
1359.502  26.256
1359.752  26.268
1360.017  26.244
1360.266  26.269
1360.516  26.246
1360.766  26.269
1361.015  26.257
1361.265  26.239
1361.514  26.249
1361.780  26.234
1362.029  26.238
1362.279  26.244
1362.528  26.235
1362.778  26.239
1363.028  26.244
1363.293  26.248
1363.542  26.257
1363.792  26.244
1364.042  26.257
1364.291  26.240
1364.556  26.231
1364.806  26.253
1365.056  26.241
1365.305  26.254
1365.555  26.272
1365.804  26.284
1366.070  26.311
1366.319  26.344
1366.569  26.324
1366.818  26.354
1367.068  26.364
1367.333  26.351
1367.583  26.365
1367.832  26.352
1368.082  26.351
1368.332  26.345
1368.581  26.331
1368.846  26.329
1369.096  26.309
1369.346  26.336
1369.595  26.342
1369.845  26.340
1370.110  26.339
1370.360  26.333
1370.609  26.346
1370.859  26.353
1371.108  26.342
1371.358  26.337
1371.623  26.319
1371.873  26.327
1372.122  26.349
1372.372  26.338
1372.622  26.337
1372.887  26.334
1373.136  26.344
1373.386  26.368
1373.651  26.387
1373.901  26.413
1374.150  26.453
1374.400  26.461
1374.650  26.449
1374.915  26.447
1375.164  26.446
1375.414  26.429
1375.679  26.381
1375.929  26.421
1376.178  26.418
1376.428  26.417
1376.693  26.393
1376.943  26.328
1377.192  26.326
1377.442  26.332
1377.707  26.389
1377.957  26.357
1378.207  26.313
1378.472  26.308
1378.721  26.296
1378.971  26.292
1379.236  26.300
1379.486  26.277
1379.735  26.250
1379.985  26.264
1380.250  26.263
1380.500  26.248
1380.749  26.225
1381.015  26.198
1381.264  26.171
1381.514  26.175
1381.779  26.176
1382.029  26.164
1382.278  26.148
1382.543  26.155
1382.793  26.143
1383.043  26.130
1383.308  26.112
1383.557  26.093
1383.807  26.055
1384.072  26.163
1384.322  26.150
1384.571  26.117
1384.837  26.262
1385.086  26.289
1385.336  26.281
1385.601  26.203
1385.851  26.206
1386.100  26.227
1386.365  26.249
1386.615  26.285
1386.880  26.244
1387.130  26.284
1387.379  26.286
1387.645  26.251
1387.894  26.263
1388.144  26.265
1388.409  26.252
1388.659  26.234
1388.908  26.226
1389.173  26.218
1389.423  26.210
1389.673  26.201
1389.938  26.188
1390.187  26.174
1390.453  26.167
1390.702  26.156
1390.952  26.166
1391.217  26.167
1391.467  26.124
1391.732  26.087
1391.981  26.137
1392.231  26.163
1392.496  26.190
1392.746  26.247
1393.011  26.273
1393.261  26.290
1393.510  26.357
1393.775  26.375
1394.025  26.294
1394.290  26.344
1394.540  26.321
1394.789  26.327
1395.055  26.320
1395.304  26.311
1395.569  26.296
1395.819  26.289
1396.069  26.318
1396.334  26.329
1396.583  26.337
1396.849  26.335
1397.098  26.304
1397.348  26.316
1397.613  26.334
1397.863  26.301
1398.128  26.303
1398.377  26.297
1398.643  26.291
1398.892  26.289
1399.142  26.302
1399.407  26.324
1399.657  26.317
1399.922  26.314
1400.171  26.319
1400.421  26.293
1400.686  26.294
1400.936  26.307
1401.201  26.308
1401.451  26.301
1401.700  26.293
1401.965  26.280
1402.215  26.282
1402.480  26.284
1402.730  26.286
1402.995  26.294
1403.245  26.284
1403.510  26.261
1403.759  26.268
1404.009  26.279
1404.274  26.282
1404.524  26.268
1404.789  26.272
1405.039  26.288
1405.304  26.274
1405.553  26.277
1405.819  26.274
1406.068  26.273
1406.333  26.271
1406.583  26.289
1406.833  26.286
1407.098  26.308
1407.347  26.283
1407.613  26.271
1407.862  26.279
1408.127  26.285
1408.377  26.265
1408.642  26.257
1408.892  26.269
1409.157  26.264
1409.407  26.255
1409.672  26.273
1409.922  26.271
1410.187  26.249
1410.436  26.285
1410.702  26.260
1410.951  26.253
1411.216  26.276
1411.466  26.259
1411.731  26.272
1411.981  26.280
1412.246  26.280
1412.496  26.279
1412.761  26.292
1413.010  26.275
1413.276  26.265
1413.525  26.266
1413.790  26.266
1414.040  26.280
1414.305  26.264
1414.555  26.299
1414.820  26.286
1415.070  26.272
1415.335  26.276
1415.584  26.272
1415.850  26.264
1416.099  26.268
1416.364  26.259
1416.614  26.274
1416.879  26.307
1417.129  26.282
1417.394  26.270
1417.644  26.262
1417.909  26.267
1418.158  26.263
1418.424  26.274
1418.673  26.278
1418.938  26.284
1419.204  26.314
1419.453  26.287
1419.718  26.268
1419.968  26.270
1420.233  26.268
1420.483  26.247
1420.748  26.252
1420.998  26.285
1421.263  26.260
1421.512  26.264
1421.778  26.294
1422.043  26.278
1422.292  26.271
1422.558  26.265
1422.807  26.256
1423.072  26.250
1423.322  26.275
1423.587  26.265
1423.852  26.251
1424.102  26.252
1424.367  26.273
1424.617  26.269
1424.882  26.251
1425.132  26.256
1425.397  26.243
1425.662  26.243
1425.912  26.255
1426.177  26.246
1426.426  26.232
1426.692  26.233
1426.957  26.237
1427.206  26.216
1427.472  26.236
1427.721  26.224
1427.986  26.231
1428.236  26.216
1428.517  26.218
1428.782  26.203
1429.032  26.195
1429.297  26.205
1429.546  26.208
1429.812  26.194
1430.077  26.179
1430.326  26.199
1430.592  26.183
1430.841  26.176
1431.106  26.173
1431.356  26.193
1431.621  26.178
1431.886  26.164
1432.136  26.152
1432.401  26.151
1432.651  26.149
1432.916  26.153
1433.166  26.150
1433.431  26.144
1433.680  26.143
1433.946  26.127
1434.211  26.131
1434.460  26.117
1434.726  26.138
1434.975  26.122
1435.240  26.126
1435.506  26.111
1435.755  26.100
1436.020  26.092
1436.270  26.083
1436.535  26.087
1436.800  26.090
1437.050  26.089
1437.315  26.068
1437.565  26.066
1437.830  26.062
1438.095  26.082
1438.345  26.066
1438.610  26.071
1438.860  26.064
1439.125  26.059
1439.390  26.038
1439.640  26.037
1439.905  26.025
1440.155  26.007
1440.420  26.014
1440.669  26.000
1440.935  25.996
1441.200  25.991
1441.449  25.986
1441.715  25.995
1441.980  26.005
1442.229  25.989
1442.495  25.993
1442.744  25.968
1443.009  25.968
1443.275  25.960
1443.540  25.943
1443.789  25.932
1444.055  25.936
1444.320  25.955
1444.569  25.943
1444.835  25.943
1445.100  25.920
1445.349  25.917
1445.615  25.918
1445.880  25.928
1446.129  25.899
1446.395  25.893
1446.660  25.881
1446.909  25.885
1447.175  25.862
1447.440  25.863
1447.705  25.859
1447.955  25.868
1448.220  25.878
1448.485  25.855
1448.735  25.843
1449.000  25.827
1449.265  25.829
1449.515  25.834
1449.780  25.794
1450.045  25.800
1450.295  25.822
1450.560  25.827
1450.825  25.820
1451.075  25.783
1451.340  25.773
1451.605  25.779
1451.870  25.784
1452.120  25.768
1452.385  25.757
1452.650  25.767
1452.900  26.000
1453.165  26.000
1453.430  26.000
1453.695  26.000
1453.945  26.000
1454.210  26.000
1454.475  26.000
1454.741  26.000
1454.990  26.000
1455.255  26.005
1455.521  26.005
1455.770  26.005
1456.035  26.005
1456.301  26.005
1456.566  26.005
1456.815  26.005
1457.081  26.005
1457.346  26.005
1457.611  26.011
1457.861  26.021
1458.126  26.021
1458.391  26.021
1458.641  26.021
1458.906  26.021
1459.171  26.021
1459.436  26.021
1459.686  26.021
1459.951  26.021
1460.216  26.021
1460.481  26.021
1460.731  26.021
1460.996  26.021
1461.261  26.021
1461.527  26.021
1461.776  26.021
1462.041  26.021
1462.307  26.021
1462.572  26.021
1462.821  26.021
1463.087  26.021
1463.352  26.021
1463.617  26.021
1463.882  26.021
1464.132  26.021
1464.397  26.021
1464.662  26.021
1464.927  26.021
1465.177  26.032
1465.442  26.038
1465.707  26.038
1465.973  26.038
1466.222  26.038
1466.487  26.038
1466.753  26.038
1467.018  26.038
1467.267  26.038
1467.533  26.038
1467.798  26.038
1468.063  26.038
1468.328  26.038
1468.578  26.046
1468.843  26.047
1469.108  26.047
1469.373  26.047
1469.639  26.047
1469.888  26.047
1470.153  26.047
1470.419  26.047
1470.684  26.047
1470.949  26.047
1471.199  26.047
1471.464  26.047
1471.729  26.049
1471.994  26.053
1472.260  26.053
1472.509  26.053
1472.774  26.053
1473.040  26.053
1473.305  26.053
1473.570  26.053
1473.820  26.053
1474.085  26.053
1474.350  26.053
1474.615  26.053
1474.880  26.053
1475.146  26.058
1475.395  26.058
1475.660  26.058
1475.926  26.058
1476.191  26.058
1476.456  26.058
1476.721  26.058
1476.971  26.058
1477.236  26.058
1477.501  26.058
1477.766  26.058
1478.032  26.058
1478.297  26.058
1478.562  26.058
1478.812  26.058
1479.077  26.058
1479.342  26.058
1479.607  26.058
1479.872  26.058
1480.138  26.058
1480.387  26.058
1480.652  26.058
1480.918  26.058
1481.183  26.058
1481.448  26.058
1481.713  26.058
1481.978  26.063
1482.244  26.076
1482.493  26.076
1482.758  26.076
1483.024  26.076
1483.289  26.076
1483.554  26.076
1483.819  26.076
1484.084  26.076
1484.350  26.076
1484.615  26.076
1484.880  26.076
1485.130  26.076
1485.395  26.076
1485.660  26.076
1485.925  26.076
1486.190  26.076
1486.456  26.076
1486.721  26.079
1486.986  26.083
1487.251  26.076
1487.501  26.080
1487.766  26.076
1488.031  26.076
1488.296  26.076
1488.562  26.076
1488.827  26.079
1489.092  26.076
1489.357  26.084
1489.607  26.082
1489.872  26.084
1490.137  26.098
1490.402  26.092
1490.668  26.089
1490.933  26.097
1491.198  26.099
1491.463  26.103
1491.728  26.096
1491.978  26.101
1492.243  26.094
1492.508  26.116
1492.774  26.113
1493.039  26.112
1493.304  26.102
1493.569  26.089
1493.834  26.092
1494.100  26.099
1494.365  26.118
1494.630  26.116
1494.880  26.112
1495.145  26.110
1495.410  26.096
1495.675  26.113
1495.940  26.120
1496.206  26.126
1496.471  26.136
1496.736  26.123
1497.001  26.121
1497.266  26.126
1497.516  26.126
1497.781  26.129
1498.046  26.144
1498.312  26.139
1498.577  26.138
1498.842  26.129
1499.107  26.126
1499.372  26.125
1499.638  26.148
1499.903  26.146
1500.168  26.145
1500.433  26.144
1500.698  26.149
1500.964  26.142
1501.229  26.153
1501.494  26.151
1501.759  26.149
1502.024  26.155
1502.290  26.147
1502.555  26.146
1502.820  26.150
1503.085  26.136
1503.351  26.134
1503.616  26.140
1503.881  26.142
1504.146  26.154
1504.411  26.146
1504.677  26.158
1504.942  26.175
1505.207  26.161
1505.472  26.159
1505.737  26.143
1506.003  26.157
1506.268  26.149
1506.533  26.150
1506.798  26.162
1507.048  26.149
1507.313  26.147
1507.578  26.143
1507.843  26.142
1508.109  26.155
1508.374  26.142
1508.655  26.148
1508.920  26.154
1509.185  26.157
1509.450  26.147
1509.715  26.176
1509.981  26.179
1510.246  26.172
1510.511  26.163
1510.776  26.181
1511.041  26.172
1511.307  26.171
1511.572  26.170
1511.837  26.176
1512.102  26.166
1512.367  26.161
1512.633  26.153
1512.898  26.172
1513.163  26.182
1513.428  26.168
1513.693  26.167
1513.959  26.164
1514.224  26.162
1514.489  26.193
1514.754  26.180
1515.019  26.178
1515.285  26.147
1515.550  26.160
1515.815  26.164
1516.080  26.157
1516.345  26.158
1516.611  26.153
1516.876  26.170
1517.141  26.186
1517.406  26.183
1517.671  26.182
1517.937  26.159
1518.202  26.145
1518.467  26.172
1518.732  26.169
1519.013  26.176
1519.278  26.174
1519.543  26.173
1519.809  26.161
1520.074  26.159
1520.339  26.158
1520.604  26.162
1520.869  26.197
1521.135  26.184
1521.400  26.182
1521.665  26.156
1521.930  26.195
1522.195  26.198
1522.461  26.191
1522.726  26.182
1522.991  26.160
1523.256  26.159
1523.537  26.180
1523.802  26.167
1524.067  26.165
1524.333  26.157
1524.598  26.156
1524.863  26.173
1525.128  26.160
1525.393  26.159
1525.659  26.155
1525.924  26.155
1526.189  26.155
1526.454  26.155
1526.719  26.155
1527.000  26.155
1527.265  26.155
1527.531  26.155
1527.796  26.155
1528.061  26.149
1528.326  26.148
1528.591  26.148
1528.857  26.140
1529.122  26.129
1529.387  26.120
1529.652  26.120
1529.933  26.120
1530.198  26.120
1530.463  26.120
1530.729  26.120
1530.994  26.154
1531.259  26.120
1531.524  26.124
1531.789  26.105
1532.055  26.147
1532.320  26.155
1532.601  26.121
1532.866  26.126
1533.131  26.112
1533.396  26.112
1533.661  26.138
1533.927  26.113
1534.192  26.115
1534.473  26.109
1534.738  26.112
1535.003  26.131
1535.268  26.128
1535.534  26.115
1535.799  26.113
1536.064  26.113
1536.345  26.115
1536.610  26.113
1536.875  26.113
1537.140  26.113
1537.406  26.113
1537.686  26.113
1537.952  26.113
1538.217  26.113
1538.482  26.113
1538.747  26.113
1539.012  26.113
1539.278  26.113
1539.558  26.113
1539.824  26.113
1540.089  26.113
1540.354  26.113
1540.619  26.117
1540.884  26.113
1541.150  26.113
1541.430  26.113
1541.696  26.113
1541.961  26.113
1542.226  26.113
1542.491  26.113
1542.772  26.113
1543.037  26.119
1543.302  26.113
1543.568  26.113
1543.833  26.113
1544.098  26.113
1544.379  26.113
1544.644  26.113
1544.909  26.113
1545.174  26.113
1545.455  26.126
1545.720  26.113
1545.986  26.113
1546.251  26.113
1546.516  26.113
1546.781  26.113
1547.062  26.113
1547.327  26.113
1547.592  26.113
1547.858  26.113
1548.138  26.113
1548.404  26.103
1548.669  26.084
1548.934  26.090
1549.199  26.084
1549.480  26.084
1549.745  26.087
1550.010  26.084
1550.276  26.084
1550.541  26.084
1550.822  26.084
1551.087  26.084
1551.352  26.084
1551.617  26.084
1551.898  26.084
1552.163  26.084
1552.428  26.084
1552.694  26.084
1552.974  26.084
1553.240  26.084
1553.505  26.084
1553.770  26.084
1554.035  26.084
1554.316  26.084
1554.581  26.083
1554.846  26.083
1555.127  26.083
1555.392  26.083
1555.658  26.083
1555.923  26.083
1556.204  26.083
1556.469  26.083
1556.734  26.083
1556.999  26.083
1557.280  26.083
1557.545  26.083
1557.810  26.083
1558.076  26.083
1558.356  26.083
1558.622  26.083
1558.887  26.083
1559.152  26.083
1559.433  26.083
1559.698  26.083
1559.963  26.083
1560.228  26.083
1560.509  26.083
1560.774  26.083
1561.040  26.083
1561.305  26.083
1561.586  26.083
1561.851  26.083
1562.116  26.083
1562.381  26.083
1562.662  26.083
1562.927  26.083
1563.192  26.083
1563.473  26.083
1563.738  26.083
1564.004  26.083
1564.269  26.083
1564.550  26.083
1564.815  26.083
1565.080  26.083
1565.361  26.083
1565.626  26.083
1565.891  26.083
1566.157  26.083
1566.437  26.083
1566.703  26.083
1566.968  26.083
1567.249  26.083
1567.514  26.083
1567.779  26.083
1568.060  26.083
1568.325  26.083
1568.590  26.083
1568.871  26.083
1569.136  26.083
1569.401  26.083
1569.682  26.083
1569.947  26.083
1570.213  26.083
1570.493  26.083
1570.759  26.083
1571.024  26.083
1571.305  26.083
1571.570  26.083
1571.835  26.083
1572.116  26.083
1572.381  26.083
1572.646  26.083
1572.927  26.083
1573.192  26.083
1573.457  26.083
1573.738  26.083
1574.003  26.083
1574.269  26.083
1574.549  26.083
1574.815  26.083
1575.080  26.069
1575.361  26.063
1575.626  26.063
1575.891  26.063
1576.172  26.063
1576.437  26.063
1576.702  26.063
1576.983  26.063
1577.248  26.063
1577.513  26.063
1577.794  26.063
1578.059  26.063
1578.325  26.063
1578.605  26.063
1578.871  26.063
1579.136  26.063
1579.417  26.063
1579.682  26.063
1579.963  26.063
1580.228  26.063
1580.509  26.060
1580.774  26.047
1581.039  26.047
1581.320  26.047
1581.585  26.047
1581.850  26.044
1582.131  26.044
1582.396  26.044
1582.677  26.044
1582.942  26.044
1583.207  26.044
1583.488  26.044
1583.753  26.038
1584.034  26.028
1584.299  26.028
1584.565  26.028
1584.845  26.028
1585.111  26.028
1585.391  26.028
1585.657  26.023
1585.922  26.023
1586.203  26.023
1586.468  26.023
1586.749  26.023
1587.014  26.023
1587.295  26.023
1587.560  26.023
1587.825  26.013
1588.106  26.008
1588.371  25.993
1588.652  25.993
1588.917  25.985
1589.198  25.985
1589.463  25.985
1589.744  25.983
1590.009  25.983
1590.274  25.983
1590.555  25.983
1590.820  25.983
1591.101  25.983
1591.366  25.983
1591.647  25.983
1591.912  25.968
1592.193  25.968
1592.458  25.968
1592.739  25.968
1593.004  25.968
1593.285  25.968
1593.550  25.968
1593.815  25.968
1594.096  25.968
1594.361  25.968
1594.642  25.968
1594.907  25.959
1595.188  25.958
1595.453  25.958
1595.734  25.956
1595.999  25.932
1596.280  25.932
1596.546  25.932
1596.826  25.932
1597.092  25.932
1597.357  25.922
1597.638  25.917
1597.903  25.902
1598.184  25.902
1598.449  25.895
1598.730  25.895
1598.995  25.895
1599.276  25.895
1599.541  25.894
1599.822  25.891
1600.087  25.891
1600.368  25.891
1600.633  25.891
1600.914  25.891
1601.179  25.891
1601.460  25.891
1601.725  25.891
1602.006  25.891
1602.271  25.891
1602.552  25.891
1602.817  25.891
1603.098  25.859
1603.363  25.856
1603.644  25.856
1603.909  25.856
1604.190  25.844
1604.455  25.840
1604.736  25.840
1605.001  25.840
1605.282  25.840
1605.547  25.840
1605.828  25.840
1606.093  25.840
1606.374  25.840
1606.639  25.840
1606.920  25.840
1607.185  25.840
1607.466  25.840
1607.731  25.840
1608.012  25.837
1608.277  25.818
1608.558  25.797
1608.838  25.797
1609.104  25.797
1609.384  25.797
1609.650  25.797
1609.930  25.797
1610.196  25.740
1610.476  25.728
1610.742  25.728
1611.022  25.680
1611.303  25.691
1611.568  25.730
1611.849  25.737
1612.114  25.728
1612.395  25.732
1612.660  25.750
1612.941  25.749
1613.222  25.730
1613.487  25.675
1613.768  25.723
1614.033  25.746
1614.314  25.745
1614.579  25.709
1614.860  25.741
1615.141  25.762
1615.406  25.783
1615.687  25.768
1615.952  25.725
1616.233  25.714
1616.498  25.737
1616.779  25.748
1617.060  25.734
1617.325  25.709
1617.606  25.702
1617.871  25.728
1618.152  25.737
1618.417  25.731
1618.698  25.750
1618.978  25.779
1619.244  25.783
1619.524  25.775
1619.790  25.775
1620.070  25.729
1620.336  25.744
1620.616  25.763
1620.897  25.738
1621.162  25.694
1621.443  25.720
1621.708  25.756
1621.989  25.778
1622.270  25.784
1622.535  25.750
1622.816  25.749
1623.081  25.804
1623.362  25.816
1623.643  25.774
1623.908  25.777
1624.189  25.776
1624.470  25.762
1624.735  25.737
1625.016  25.795
1625.296  25.792
1625.562  25.795
1625.842  25.773
1626.108  25.799
1626.388  25.810
1626.669  25.832
1626.934  25.834
1627.215  25.803
1627.496  25.809
1627.761  25.781
1628.042  25.801
1628.307  25.786
1628.588  25.809
1628.869  25.787
1629.134  25.776
1629.415  25.735
1629.680  25.762
1629.961  25.838
1630.242  25.847
1630.507  25.775
1630.788  25.748
1631.069  25.800
1631.334  25.807
1631.615  25.817
1631.895  25.840
1632.161  25.841
1632.441  25.816
1632.722  25.816
1632.987  25.834
1633.268  25.838
1633.549  25.857
1633.814  25.844
1634.095  25.806
1634.376  25.807
1634.641  25.834
1634.922  25.854
1635.203  25.851
1635.468  25.836
1635.749  25.830
1636.029  25.826
1636.295  25.817
1636.575  25.842
1636.856  25.825
1637.121  25.785
1637.402  25.774
1637.683  25.803
1637.964  25.811
1638.229  25.801
1638.510  25.831
1638.791  25.819
1639.056  25.834
1639.337  25.851
1639.617  25.848
1639.883  25.791
1640.163  25.771
1640.444  25.804
1640.709  25.866
1640.990  25.892
1641.271  25.858
1641.552  25.836
1641.817  25.820
1642.098  25.779
1642.379  25.792
1642.659  25.814
1642.925  25.838
1643.205  25.856
1643.486  25.853
1643.751  25.761
1644.032  25.696
1644.313  25.772
1644.594  25.851
1644.859  25.868
1645.140  25.844
1645.421  25.829
1645.701  25.835
1645.967  25.819
1646.247  25.806
1646.528  25.828
1646.809  25.827
1647.074  25.826
1647.355  25.818
1647.636  25.853
1647.901  25.802
1648.182  25.783
1648.463  25.787
1648.743  25.838
1649.009  25.839
1649.289  25.851
1649.570  25.853
1649.851  25.857
1650.116  25.836
1650.397  25.823
1650.678  25.835
1650.959  25.859
1651.224  25.902
1651.505  25.900
1651.785  25.870
1652.051  25.827
1652.331  25.803
1652.612  25.802
1652.893  25.864
1653.158  25.905
1653.439  25.899
1653.720  25.874
1654.001  25.838
1654.281  25.796
1654.547  25.808
1654.827  25.855
1655.108  25.890
1655.389  25.895
1655.670  25.855
1655.935  25.822
1656.216  25.819
1656.497  25.808
1656.777  25.780
1657.058  25.807
1657.323  25.856
1657.604  25.886
1657.885  25.889
1658.166  25.906
1658.447  25.890
1658.728  25.795
1658.993  25.747
1659.274  25.792
1659.554  25.849
1659.835  25.870
1660.116  25.871
1660.397  25.866
1660.662  25.872
1660.943  25.928
1661.224  25.905
1661.504  25.861
1661.785  25.810
1662.066  25.843
1662.347  25.834
1662.612  25.837
1662.893  25.832
1663.174  25.855
1663.454  25.871
1663.735  25.871
1664.016  25.846
1664.297  25.830
1664.578  25.815
1664.843  25.859
1665.124  25.862
1665.404  25.832
1665.685  25.813
1665.966  25.856
1666.247  25.890
1666.528  25.886
1666.808  25.922
1667.074  25.892
1667.354  25.822
1667.635  25.814
1667.916  25.848
1668.197  25.835
1668.478  25.805
1668.758  25.798
1669.039  25.810
1669.320  25.845
1669.585  25.894
1669.866  25.864
1670.147  25.850
1670.428  25.875
1670.708  25.902
1670.989  25.847
1671.270  25.815
1671.535  25.766
1671.816  25.783
1672.097  25.833
1672.378  25.873
1672.658  25.853
1672.939  25.822
1673.220  25.836
1673.501  25.796
1673.782  25.812
1674.047  25.857
1674.328  25.936
1674.608  25.881
1674.889  25.831
1675.170  25.813
1675.451  25.866
1675.732  25.854
1676.012  25.812
1676.278  25.806
1676.558  25.870
1676.839  25.940
1677.120  25.937
1677.401  25.886
1677.682  25.869
1677.962  25.877
1678.243  25.869
1678.524  25.850
1678.805  25.851
1679.086  25.835
1679.351  25.830
1679.632  25.869
1679.912  25.903
1680.193  25.877
1680.474  25.835
1680.755  25.843
1681.036  25.851
1681.316  25.861
1681.597  25.847
1681.862  25.864
1682.143  25.852
1682.424  25.863
1682.705  25.889
1682.986  25.876
1683.266  25.853
