1345.181  26.202
1345.431  26.235
1345.680  26.198
1345.930  26.200
1346.179  26.204
1346.429  26.227
1346.679  26.234
1346.928  26.263
1347.178  26.230
1347.428  26.207
1347.677  26.205
1347.942  26.221
1348.192  26.186
1348.442  26.188
1348.691  26.226
1348.941  26.225
1349.190  26.198
1349.440  26.193
1349.690  26.226
1349.939  26.196
1350.189  26.208
1350.438  26.224
1350.704  26.201
1350.953  26.176
1351.203  26.166
1351.452  26.182
1351.702  26.162
1351.952  26.190
1352.201  26.229
1352.451  26.214
1352.700  26.203
1352.950  26.191
1353.215  26.210
1353.465  26.212
1353.714  26.235
1353.964  26.224
1354.214  26.218
1354.463  26.229
1354.713  26.245
1354.962  26.239
1355.228  26.232
1355.477  26.207
1355.727  26.213
1355.976  26.184
1356.226  26.155
1356.476  26.154
1356.725  26.192
1356.990  26.205
1357.240  26.170
1357.490  26.149
1357.739  26.143
1357.989  26.196
1358.238  26.231
1358.488  26.237
1358.753  26.187
1359.003  26.155
1359.252  26.199
1359.502  26.256
1359.752  26.268
1360.017  26.235
1360.266  26.218
1360.516  26.232
1360.766  26.269
1361.015  26.257
1361.265  26.171
1361.514  26.130
1361.780  26.156
1362.029  26.217
1362.279  26.229
1362.528  26.195
1362.778  26.174
1363.028  26.156
1363.293  26.177
1363.542  26.157
1363.792  26.152
1364.042  26.167
1364.291  26.189
1364.556  26.220
1364.806  26.206
1365.056  26.232
1365.305  26.189
1365.555  26.149
1365.804  26.138
1366.070  26.181
1366.319  26.207
1366.569  26.196
1366.818  26.219
1367.068  26.239
1367.333  26.245
1367.583  26.223
1367.832  26.199
1368.082  26.192
1368.332  26.185
1368.581  26.155
1368.846  26.168
1369.096  26.169
1369.346  26.193
1369.595  26.202
1369.845  26.238
1370.110  26.228
1370.360  26.212
1370.609  26.212
1370.859  26.205
1371.108  26.191
1371.358  26.180
1371.623  26.217
1371.873  26.227
1372.122  26.191
1372.372  26.186
1372.622  26.284
1372.887  26.313
1373.136  26.310
1373.386  26.314
1373.651  26.373
1373.901  26.390
1374.150  26.453
1374.400  26.461
1374.650  26.448
1374.915  26.434
1375.164  26.446
1375.414  26.429
1375.679  26.370
1375.929  26.275
1376.178  26.190
1376.428  26.155
1376.693  26.092
1376.943  26.068
1377.192  26.097
1377.442  26.284
1377.707  26.389
1377.957  26.357
1378.207  26.202
1378.472  26.138
1378.721  26.099
1378.971  26.074
1379.236  26.141
1379.486  26.196
1379.735  26.204
1379.985  26.113
1380.250  26.081
1380.500  26.139
1380.749  26.211
1381.015  26.198
1381.264  26.142
1381.514  26.128
1381.779  26.112
1382.029  26.142
1382.278  26.140
1382.543  26.155
1382.793  26.138
1383.043  26.130
1383.308  26.109
1383.557  26.093
1383.807  26.055
1384.072  25.965
1384.322  25.903
1392.231  26.145
1392.496  26.190
1392.746  26.206
1393.011  26.204
1393.261  26.275
1393.510  26.357
1393.775  26.375
1394.025  26.265
1394.290  26.193
1394.540  26.214
1394.789  26.312
1395.055  26.314
1395.304  26.267
1395.569  26.246
1395.819  26.280
1396.069  26.262
1396.334  26.265
1396.583  26.232
1396.849  26.247
1397.098  26.227
1397.348  26.218
1397.613  26.194
1397.863  26.204
1398.128  26.202
1398.377  26.240
1398.643  26.278
1398.892  26.284
1399.142  26.272
1399.407  26.292
1399.657  26.317
1399.922  26.295
1400.171  26.263
1400.421  26.233
1400.686  26.202
1400.936  26.205
1401.201  26.259
1401.451  26.294
1401.700  26.270
1401.965  26.227
1402.215  26.222
1402.480  26.204
1402.730  26.214
1402.995  26.213
1403.245  26.238
1403.510  26.207
1403.759  26.189
1404.009  26.203
1404.274  26.211
1404.524  26.229
1404.789  26.246
1405.039  26.273
1405.304  26.243
1405.553  26.207
1405.819  26.180
1406.068  26.232
1406.333  26.271
1406.583  26.264
1406.833  26.204
1407.098  26.204
1407.347  26.193
1407.613  26.205
1407.862  26.218
1408.127  26.239
1408.377  26.219
1408.642  26.242
1408.892  26.246
1409.157  26.228
1409.407  26.185
1409.672  26.211
1409.922  26.226
1410.187  26.238
1410.436  26.258
1410.702  26.251
1410.951  26.231
1411.216  26.219
1411.466  26.238
1411.731  26.247
1411.981  26.230
1412.246  26.203
1412.496  26.215
1412.761  26.244
1413.010  26.223
1413.276  26.202
1413.525  26.161
1413.790  26.109
1414.040  26.167
1414.305  26.264
1414.555  26.299
1414.820  26.247
1415.070  26.249
1415.335  26.226
1415.584  26.225
1415.850  26.197
1416.099  26.169
1416.364  26.174
1416.614  26.220
1416.879  26.233
1417.129  26.213
1417.394  26.202
1417.644  26.234
1417.909  26.243
1418.158  26.219
1418.424  26.199
1418.673  26.234
1418.938  26.284
1419.204  26.314
1419.453  26.287
1419.718  26.254
1419.968  26.209
1420.233  26.222
1420.483  26.200
1420.748  26.226
1420.998  26.228
1421.263  26.222
1421.512  26.182
1421.778  26.168
1422.043  26.168
1422.292  26.172
1422.558  26.220
1422.807  26.256
1423.072  26.233
1423.322  26.196
1423.587  26.189
1423.852  26.198
1424.102  26.243
1424.367  26.273
1424.617  26.269
1424.882  26.197
1425.132  26.218
1425.397  26.228
1425.662  26.243
1425.912  26.187
1426.177  26.200
1426.426  26.179
1426.692  26.170
1426.957  26.160
1427.206  26.216
1427.472  26.236
1427.721  26.224
1427.986  26.197
1428.236  26.166
1428.517  26.117
1428.782  26.154
1429.032  26.190
1429.297  26.204
1429.546  26.145
1429.812  26.140
1430.077  26.141
1430.326  26.159
1430.592  26.154
1430.841  26.152
1431.106  26.154
1431.356  26.193
1431.621  26.173
1431.886  26.163
1432.136  26.134
1432.401  26.134
1432.651  26.080
1432.916  26.074
1433.166  26.117
1433.431  26.104
1433.680  26.069
1433.946  26.054
1434.211  26.088
1434.460  26.083
1434.726  26.064
1434.975  26.091
1435.240  26.114
1435.506  26.060
1435.755  26.039
1436.020  26.050
1436.270  26.067
1436.535  26.054
1436.800  26.043
1437.050  26.037
1437.315  26.007
1437.565  25.992
1437.830  26.035
1438.095  26.082
1438.345  26.066
1438.610  26.029
1438.860  26.064
1439.125  26.059
1439.390  26.006
1439.640  25.993
1439.905  25.999
1440.155  26.007
1440.420  26.010
1440.669  25.992
1440.935  25.981
1441.200  25.930
1441.449  25.950
1441.715  25.934
1441.980  25.931
1442.229  25.909
1442.495  25.937
1442.744  25.934
1443.009  25.908
1443.275  25.896
1443.540  25.869
1443.789  25.879
1444.055  25.874
1444.320  25.898
1444.569  25.881
1444.835  25.890
1445.100  25.878
1445.349  25.908
1445.615  25.914
1445.880  25.928
1446.129  25.864
1446.395  25.818
1446.660  25.815
1446.909  25.858
1447.175  25.835
1447.440  25.795
1447.705  25.786
1447.955  25.803
1448.220  25.795
1448.485  25.777
1448.735  25.759
1449.000  25.744
1449.265  25.737
1449.515  25.737
1449.780  25.754
1450.045  25.791
1450.295  25.822
1450.560  25.827
1450.825  25.820
1451.075  25.783
1451.340  25.741
1451.605  25.725
1451.870  25.718
1452.120  25.707
1452.385  25.725
1452.650  25.730
1610.476  25.728
1610.742  25.728
1611.022  25.680
1611.303  25.691
1611.568  25.730
1611.849  25.737
1612.114  25.728
1612.395  25.732
1612.660  25.750
1612.941  25.749
1613.222  25.730
1613.487  25.675
1613.768  25.723
1614.033  25.746
1614.314  25.745
1614.579  25.709
1614.860  25.741
1615.141  25.762
1615.406  25.783
1615.687  25.768
1615.952  25.725
1616.233  25.714
1616.498  25.737
1616.779  25.748
1617.060  25.734
1617.325  25.709
1617.606  25.702
1617.871  25.728
1618.152  25.737
1618.417  25.731
1618.698  25.750
1618.978  25.779
1619.244  25.783
1619.524  25.775
1619.790  25.775
1620.070  25.729
1620.336  25.744
1620.616  25.763
1620.897  25.738
1621.162  25.694
1621.443  25.720
1621.708  25.756
1621.989  25.778
1622.270  25.784
1622.535  25.750
1622.816  25.749
1623.081  25.804
1623.362  25.816
1623.643  25.774
1623.908  25.777
1624.189  25.776
1624.470  25.762
1624.735  25.737
1625.016  25.795
1625.296  25.792
1625.562  25.795
1625.842  25.773
1626.108  25.799
1626.388  25.810
1626.669  25.832
1626.934  25.834
1627.215  25.803
1627.496  25.809
1627.761  25.781
1628.042  25.801
1628.307  25.786
1628.588  25.809
1628.869  25.787
1629.134  25.776
1629.415  25.735
1629.680  25.762
1629.961  25.838
1630.242  25.847
1630.507  25.775
1630.788  25.748
1631.069  25.800
1631.334  25.807
1631.615  25.817
1631.895  25.840
1632.161  25.841
1632.441  25.816
1632.722  25.816
1632.987  25.834
1633.268  25.838
1633.549  25.857
1633.814  25.844
1634.095  25.806
1634.376  25.807
1634.641  25.834
1634.922  25.854
1635.203  25.851
1635.468  25.836
1635.749  25.830
1636.029  25.826
1636.295  25.817
1636.575  25.842
1636.856  25.825
1637.121  25.785
1637.402  25.774
1637.683  25.803
1637.964  25.811
1638.229  25.801
1638.510  25.831
1638.791  25.819
1639.056  25.834
1639.337  25.851
1639.617  25.848
1639.883  25.791
1640.163  25.771
1640.444  25.804
1640.709  25.866
1640.990  25.892
1641.271  25.858
1641.552  25.836
1641.817  25.820
1642.098  25.779
1642.379  25.792
1642.659  25.814
1642.925  25.838
1643.205  25.856
1643.486  25.853
1643.751  25.761
1644.032  25.696
1644.313  25.772
1644.594  25.851
1644.859  25.868
1645.140  25.844
1645.421  25.829
1645.701  25.835
1645.967  25.819
1646.247  25.806
1646.528  25.828
1646.809  25.827
1647.074  25.826
1647.355  25.818
1647.636  25.853
1647.901  25.802
1648.182  25.783
1648.463  25.787
1648.743  25.838
1649.009  25.839
1649.289  25.851
1649.570  25.853
1649.851  25.857
1650.116  25.836
1650.397  25.823
1650.678  25.835
1650.959  25.859
1651.224  25.902
1651.505  25.900
1651.785  25.870
1652.051  25.827
1652.331  25.803
1652.612  25.802
1652.893  25.864
1653.158  25.905
1653.439  25.899
1653.720  25.874
1654.001  25.838
1654.281  25.796
1654.547  25.808
1654.827  25.855
1655.108  25.890
1655.389  25.895
1655.670  25.855
1655.935  25.822
1656.216  25.819
1656.497  25.808
1656.777  25.780
1657.058  25.807
1657.323  25.856
1657.604  25.886
1657.885  25.889
1658.166  25.906
1658.447  25.890
1658.728  25.795
1658.993  25.747
1659.274  25.792
1659.554  25.849
1659.835  25.870
1660.116  25.871
1660.397  25.866
1660.662  25.872
1660.943  25.928
1661.224  25.905
1661.504  25.861
1661.785  25.810
1662.066  25.843
1662.347  25.834
1662.612  25.837
1662.893  25.832
1663.174  25.855
1663.454  25.871
1663.735  25.871
1664.016  25.846
1664.297  25.830
1664.578  25.815
1664.843  25.859
1665.124  25.862
1665.404  25.832
1665.685  25.813
1665.966  25.856
1666.247  25.890
1666.528  25.886
1666.808  25.922
1667.074  25.892
1667.354  25.822
1667.635  25.814
1667.916  25.848
1668.197  25.835
1668.478  25.805
1668.758  25.798
1669.039  25.810
1669.320  25.845
1669.585  25.894
1669.866  25.864
1670.147  25.850
1670.428  25.875
1670.708  25.902
1670.989  25.847
1671.270  25.815
1671.535  25.766
1671.816  25.783
1672.097  25.833
1672.378  25.873
1672.658  25.853
1672.939  25.822
1673.220  25.836
1673.501  25.796
1673.782  25.812
1674.047  25.857
1674.328  25.936
1674.608  25.881
1674.889  25.831
1675.170  25.813
1675.451  25.866
1675.732  25.854
1676.012  25.812
1676.278  25.806
1676.558  25.870
1676.839  25.940
1677.120  25.937
1677.401  25.886
1677.682  25.869
1677.962  25.877
1678.243  25.869
1678.524  25.850
1678.805  25.851
1679.086  25.835
1679.351  25.830
1679.632  25.869
1679.912  25.903
1680.193  25.877
1680.474  25.835
1680.755  25.843
1681.036  25.851
1681.316  25.861
1681.597  25.847
1681.862  25.864
