0.016  3200.000
0.063  3200.000
0.094  3200.000
0.125  3200.000
0.156  3200.000
0.188  3200.000
0.219  3200.000
0.250  3200.000
0.297  3200.000
0.328  3200.000
0.360  3200.000
0.406  3200.000
0.469  3200.000
0.516  3200.000
0.547  3200.000
0.578  3200.000
0.625  3200.000
0.672  3200.000
0.703  3200.000
0.735  3200.000
0.781  3200.000
0.813  3200.000
0.860  3200.000
0.906  3200.000
0.938  3200.000
0.969  3200.000
1.000  3200.000
1.047  3200.000
1.078  3200.000
1.110  3200.000
1.156  3200.000
1.188  3200.000
1.219  3200.000
1.250  3200.000
1.281  3200.000
1.313  3200.000
1.344  3200.000
1.375  3200.000
1.406  3200.000
1.438  3200.000
1.469  3200.000
1.500  3200.000
1.531  3200.000
1.563  3200.000
1.610  3200.000
1.656  3200.000
1.688  3200.000
1.719  3200.000
1.766  3200.000
1.797  3200.000
1.844  3200.000
1.875  3200.000
1.906  3200.000
1.938  3200.000
1.969  3200.000
2.000  3200.000
2.031  3200.000
2.063  3200.000
2.094  3200.000
2.125  3200.000
2.156  3200.000
2.188  3200.000
2.219  3200.000
2.250  3200.000
2.281  3200.000
2.313  3200.000
2.344  3200.000
2.375  3200.000
2.406  3200.000
2.453  3200.000
2.500  3200.000
2.531  3200.000
2.563  3200.000
2.594  3200.000
2.641  3200.000
2.688  3200.000
2.735  3200.000
2.766  3200.000
2.813  3200.000
2.860  3200.000
2.891  3200.000
2.922  3200.000
2.953  3200.000
2.985  3200.000
3.031  3200.000
3.063  3200.000
3.094  3200.000
3.125  3200.000
3.172  3200.000
3.203  3200.000
3.235  3200.000
3.266  3200.000
3.313  3200.000
3.344  3200.000
3.375  3200.000
3.422  3200.000
3.453  3200.000
3.485  3200.000
3.531  3200.000
3.578  3200.000
3.610  3200.000
3.641  3200.000
3.672  3200.000
3.703  3200.000
3.735  3200.000
3.766  3200.000
3.813  3200.000
3.860  3200.000
3.891  3200.000
3.922  3200.000
3.953  3200.000
3.985  3200.000
4.016  3200.000
4.047  3200.000
4.094  3200.000
4.141  3200.000
4.172  3200.000
4.203  3200.000
4.250  3200.000
4.297  3200.000
4.328  3200.000
4.360  3200.000
4.406  3200.000
4.438  3200.000
4.469  3200.000
4.516  3200.000
4.578  3200.000
4.625  3200.000
4.656  3200.000
4.703  3200.000
4.750  3200.000
4.781  3200.000
4.813  3200.000
4.844  3200.000
4.875  3200.000
4.922  3200.000
4.953  3200.000
5.000  3200.000
5.047  3200.000
5.094  3200.000
5.125  3200.000
5.188  3200.000
5.235  3200.000
5.266  3200.000
5.297  3200.000
5.328  3200.000
5.360  3200.000
5.406  3200.000
5.438  3200.000
5.485  3200.000
5.531  3200.000
5.578  3200.000
5.610  3200.000
5.641  3200.000
5.688  3200.000
5.735  3200.000
5.766  3200.000
5.797  3200.000
5.860  3200.000
5.891  3200.000
5.938  3200.000
5.985  3200.000
6.016  3200.000
6.047  3200.000
6.078  3200.000
6.125  3200.000
6.156  3200.000
6.188  3200.000
6.235  3200.000
6.281  3200.000
6.328  3200.000
6.360  3200.000
6.406  3200.000
6.453  3200.000
6.485  3200.000
6.516  3200.000
6.578  3200.000
6.610  3200.000
6.656  3200.000
6.703  3200.000
6.735  3200.000
6.766  3200.000
6.797  3200.000
6.828  3200.000
6.875  3200.000
6.906  3200.000
6.938  3200.000
6.969  3200.000
7.016  3200.000
7.047  3200.000
7.078  3200.000
7.110  3200.000
7.141  3200.000
7.172  3200.000
7.219  3200.000
7.250  3200.000
7.297  3200.000
7.328  3200.000
7.375  3200.000
7.422  3200.000
7.453  3200.000
7.485  3200.000
7.516  3200.000
7.547  3200.000
7.578  3200.000
7.610  3200.000
7.641  3200.000
7.688  3200.000
7.735  3200.000
7.766  3200.000
7.797  3200.000
7.844  3200.000
7.906  3200.000
7.938  3200.000
7.969  3200.000
8.016  3200.000
8.047  3200.000
8.078  3200.000
8.125  3200.000
8.172  3200.000
8.219  3200.000
8.266  3200.000
8.313  3200.000
8.344  3200.000
8.391  3200.000
8.438  3200.000
8.485  3200.000
8.516  3200.000
8.547  3200.000
8.610  3200.000
8.656  3200.000
8.688  3200.000
8.719  3200.000
8.750  3200.000
8.781  3200.000
8.813  3200.000
8.860  3200.000
8.891  3200.000
8.922  3200.000
8.969  3200.000
9.016  3200.000
9.063  3200.000
9.094  3200.000
9.125  3200.000
9.156  3200.000
9.188  3200.000
9.219  3200.000
9.266  3200.000
9.297  3200.000
9.344  3200.000
9.375  3200.000
9.422  3200.000
9.469  3200.000
9.516  3200.000
9.547  3200.000
9.594  3200.000
9.641  3200.000
9.688  3200.000
9.719  3200.000
9.766  3200.000
9.813  3195.000
9.860  3195.000
9.891  3195.000
9.938  3200.000
9.969  3200.000
10.000  3200.000
10.031  3200.000
10.063  3195.000
10.110  3200.000
10.141  3200.000
10.172  3200.000
10.203  3200.000
10.235  3200.000
10.266  3200.000
10.313  3200.000
10.360  3200.000
10.406  3200.000
10.438  3200.000
10.485  3200.000
10.531  3200.000
10.578  3200.000
10.625  3200.000
10.672  3200.000
10.703  3200.000
10.735  3200.000
10.766  3200.000
10.813  3200.000
10.844  3200.000
10.875  3200.000
10.922  3200.000
10.953  3200.000
10.985  3200.000
11.031  3200.000
11.078  3200.000
11.125  3200.000
11.156  3200.000
11.188  3200.000
11.250  3200.000
11.297  3200.000
11.344  3200.000
11.391  3200.000
11.422  3200.000
11.453  3200.000
11.500  3200.000
11.531  3200.000
11.578  3200.000
11.610  3200.000
11.656  3200.000
11.703  3200.000
11.735  3200.000
11.766  3200.000
11.797  3200.000
11.844  3200.000
11.891  3200.000
11.922  3200.000
11.969  3200.000
12.000  3200.000
12.031  3200.000
12.078  3200.000
12.125  3200.000
12.156  3200.000
12.188  3200.000
12.219  3200.000
12.250  3200.000
12.281  3200.000
12.313  3200.000
12.360  3200.000
12.391  3200.000
12.422  3200.000
12.469  3200.000
12.516  3200.000
12.563  3200.000
12.610  3200.000
12.656  3200.000
12.688  3200.000
12.735  3200.000
12.766  3200.000
12.797  3200.000
12.828  3205.000
12.860  3200.000
12.906  3200.000
12.938  3200.000
12.985  3200.000
13.031  3200.000
13.078  3200.000
13.125  3200.000
13.172  3200.000
13.219  3200.000
13.250  3200.000
13.281  3200.000
13.328  3200.000
13.375  3200.000
13.422  3200.000
13.469  3200.000
13.500  3200.000
13.547  3200.000
13.578  3200.000
13.610  3200.000
13.641  3200.000
13.672  3200.000
13.703  3200.000
13.750  3200.000
13.797  3200.000
13.844  3205.000
13.891  3200.000
13.938  3200.000
14.000  3200.000
14.047  3200.000
14.094  3205.000
14.141  3200.000
14.188  3205.000
14.235  3205.000
14.281  3205.000
14.328  3205.000
14.375  3205.000
14.422  3205.000
14.453  3205.000
14.485  3205.000
14.516  3205.000
14.563  3205.000
14.610  3200.000
14.672  3205.000
14.719  3205.000
14.766  3205.000
14.813  3205.000
14.844  3205.000
14.875  3205.000
14.906  3205.000
14.953  3205.000
15.000  3205.000
15.047  3205.000
15.094  3205.000
15.125  3205.000
15.156  3205.000
15.188  3205.000
15.219  3205.000
15.250  3205.000
15.281  3205.000
15.313  3205.000
15.360  3205.000
15.391  3205.000
15.422  3205.000
15.453  3205.000
15.500  3205.000
15.547  3205.000
15.594  3205.000
15.641  3205.000
15.688  3200.000
15.735  3205.000
15.766  3205.000
15.797  3205.000
15.828  3205.000
15.875  3205.000
15.906  3205.000
15.938  3205.000
15.985  3205.000
16.016  3205.000
16.047  3205.000
16.078  3205.000
16.110  3205.000
16.156  3205.000
16.203  3205.000
16.250  3205.000
16.297  3205.000
16.344  3205.000
16.391  3205.000
16.438  3205.000
16.485  3205.000
16.531  3205.000
16.578  3205.000
16.610  3205.000
16.641  3205.000
16.703  3205.000
16.735  3205.000
16.766  3205.000
16.797  3205.000
16.844  3205.000
16.891  3205.000
16.938  3205.000
16.985  3205.000
17.031  3205.000
17.078  3205.000
17.125  3205.000
17.172  3205.000
17.219  3205.000
17.266  3205.000
17.297  3205.000
17.360  3205.000
17.406  3205.000
17.453  3205.000
17.485  3205.000
17.516  3205.000
17.563  3205.000
17.610  3205.000
17.656  3205.000
17.688  3205.000
17.719  3205.000
17.766  3205.000
17.813  3205.000
17.844  3205.000
17.875  3205.000
17.906  3205.000
17.938  3205.000
17.969  3205.000
18.031  3205.000
18.078  3205.000
18.125  3205.000
18.172  3205.000
18.219  3205.000
18.266  3205.000
18.313  3205.000
18.360  3205.000
18.406  3205.000
18.453  3205.000
18.500  3205.000
18.531  3205.000
18.563  3205.000
18.594  3205.000
18.625  3205.000
18.672  3205.000
18.719  3205.000
18.766  3205.000
18.813  3205.000
18.860  3205.000
18.891  3205.000
18.922  3205.000
18.953  3205.000
18.985  3205.000
19.031  3205.000
19.078  3205.000
19.125  3205.000
19.172  3205.000
19.219  3205.000
19.266  3205.000
19.313  3205.000
19.375  3205.000
19.422  3205.000
19.469  3205.000
19.516  3205.000
19.563  3205.000
19.610  3205.000
19.656  3205.000
19.703  3205.000
19.750  3205.000
19.797  3205.000
19.844  3205.000
19.875  3205.000
19.906  3205.000
19.938  3205.000
19.985  3205.000
20.047  3205.000
20.094  3205.000
20.141  3205.000
20.188  3205.000
20.235  3205.000
20.281  3205.000
20.328  3205.000
20.375  3205.000
20.422  3205.000
20.469  3205.000
20.516  3205.000
20.563  3205.000
20.610  3205.000
20.656  3205.000
20.703  3205.000
20.766  3205.000
20.813  3205.000
20.844  3205.000
20.875  3205.000
20.922  3205.000
20.969  3205.000
21.016  3205.000
21.063  3205.000
21.110  3205.000
21.156  3205.000
21.203  3205.000
21.250  3205.000
21.281  3205.000
21.313  3205.000
21.344  3205.000
21.391  3205.000
21.422  3205.000
21.453  3205.000
21.485  3205.000
21.531  3205.000
21.578  3205.000
21.625  3205.000
21.672  3205.000
21.719  3205.000
21.766  3205.000
21.797  3205.000
21.828  3205.000
21.860  3205.000
21.906  3205.000
21.953  3205.000
21.985  3205.000
22.047  3205.000
22.094  3205.000
22.125  3205.000
22.156  3205.000
22.203  3205.000
22.250  3205.000
22.281  3205.000
22.313  3205.000
22.360  3205.000
22.406  3205.000
22.453  3200.000
22.500  3200.000
22.547  3205.000
22.594  3205.000
22.641  3205.000
22.688  3205.000
22.750  3205.000
22.797  3205.000
22.828  3205.000
22.875  3205.000
22.922  3205.000
22.969  3205.000
23.016  3205.000
23.063  3205.000
23.110  3205.000
23.156  3205.000
23.203  3205.000
23.235  3205.000
23.266  3205.000
23.313  3205.000
23.360  3205.000
23.391  3205.000
23.438  3205.000
23.469  3205.000
23.500  3205.000
23.531  3205.000
23.563  3205.000
23.594  3205.000
23.625  3205.000
23.656  3200.000
23.703  3205.000
23.750  3205.000
23.781  3205.000
23.813  3205.000
23.860  3205.000
23.906  3205.000
23.953  3205.000
23.985  3200.000
24.016  3200.000
24.047  3200.000
24.094  3200.000
24.141  3200.000
24.188  3200.000
24.235  3200.000
24.281  3200.000
24.328  3200.000
24.375  3205.000
24.422  3200.000
24.469  3200.000
24.516  3200.000
24.563  3200.000
24.610  3200.000
24.641  3200.000
24.672  3200.000
24.703  3200.000
24.766  3200.000
24.813  3200.000
24.860  3200.000
24.906  3205.000
24.953  3200.000
24.985  3205.000
25.016  3205.000
25.063  3200.000
25.110  3200.000
25.156  3200.000
25.188  3200.000
25.219  3200.000
25.250  3200.000
25.281  3200.000
25.313  3200.000
25.344  3200.000
25.375  3200.000
25.438  3200.000
25.485  3200.000
25.531  3200.000
25.578  3200.000
25.625  3200.000
25.656  3200.000
25.703  3200.000
25.750  3200.000
25.797  3200.000
25.844  3200.000
25.875  3200.000
25.906  3200.000
25.953  3200.000
26.000  3200.000
26.031  3200.000
26.063  3200.000
26.125  3200.000
26.172  3200.000
26.219  3200.000
26.266  3200.000
26.313  3200.000
26.360  3200.000
26.406  3200.000
26.453  3200.000
26.500  3200.000
26.547  3200.000
26.594  3200.000
26.625  3200.000
26.656  3200.000
26.688  3200.000
26.735  3200.000
26.797  3200.000
26.844  3200.000
26.875  3200.000
26.906  3200.000
26.938  3200.000
26.969  3200.000
27.016  3200.000
27.063  3200.000
27.110  3200.000
27.156  3200.000
27.203  3200.000
27.250  3200.000
27.297  3200.000
27.344  3200.000
27.391  3200.000
27.453  3200.000
27.500  3200.000
27.547  3200.000
27.594  3200.000
27.641  3200.000
27.688  3200.000
27.735  3200.000
27.781  3200.000
27.828  3200.000
27.860  3200.000
27.891  3200.000
27.922  3200.000
27.953  3200.000
27.985  3200.000
28.016  3200.000
28.047  3200.000
28.078  3200.000
28.125  3200.000
28.172  3195.000
28.219  3200.000
28.266  3195.000
28.313  3195.000
28.360  3200.000
28.406  3195.000
28.453  3195.000
28.500  3200.000
28.547  3195.000
28.594  3195.000
28.641  3195.000
28.688  3195.000
28.719  3195.000
28.750  3195.000
28.797  3195.000
28.828  3195.000
28.875  3195.000
28.922  3195.000
28.969  3195.000
29.016  3195.000
29.063  3195.000
29.110  3195.000
29.156  3195.000
29.203  3195.000
29.250  3195.000
29.297  3195.000
29.344  3195.000
29.391  3195.000
29.453  3195.000
29.485  3195.000
29.531  3195.000
29.578  3195.000
29.625  3195.000
29.672  3195.000
29.719  3195.000
29.766  3195.000
29.813  3195.000
29.860  3195.000
29.906  3195.000
29.938  3195.000
29.969  3195.000
30.016  3195.000
30.063  3195.000
30.110  3195.000
30.172  3195.000
30.219  3195.000
30.250  3195.000
30.281  3195.000
30.328  3195.000
30.360  3195.000
30.391  3195.000
30.422  3195.000
30.453  3195.000
30.485  3195.000
30.531  3190.000
30.578  3190.000
30.625  3190.000
30.656  3195.000
30.703  3195.000
30.750  3195.000
30.797  3195.000
30.860  3195.000
30.906  3190.000
30.953  3195.000
31.000  3195.000
31.047  3190.000
31.094  3190.000
31.141  3190.000
31.188  3195.000
31.219  3190.000
31.250  3190.000
31.281  3190.000
31.313  3190.000
31.360  3190.000
31.391  3190.000
31.438  3190.000
31.485  3190.000
31.531  3190.000
31.563  3190.000
31.610  3190.000
31.656  3190.000
31.703  3190.000
31.750  3190.000
31.797  3190.000
31.844  3190.000
31.891  3190.000
31.938  3190.000
31.969  3190.000
32.016  3190.000
32.047  3190.000
32.094  3190.000
32.141  3190.000
32.188  3190.000
32.235  3190.000
32.281  3190.000
32.313  3190.000
32.360  3190.000
32.406  3190.000
32.453  3190.000
32.500  3190.000
32.547  3190.000
32.594  3190.000
32.641  3190.000
32.672  3190.000
32.703  3190.000
32.735  3190.000
32.766  3190.000
32.828  3190.000
32.875  3190.000
32.922  3190.000
32.969  3190.000
33.016  3190.000
33.063  3190.000
33.110  3190.000
33.156  3190.000
33.203  3190.000
33.250  3190.000
33.297  3190.000
33.344  3190.000
33.391  3190.000
33.438  3190.000
33.500  3190.000
33.547  3190.000
33.594  3190.000
33.641  3190.000
33.672  3190.000
33.703  3190.000
33.735  3190.000
33.766  3190.000
33.797  3190.000
33.844  3190.000
33.891  3190.000
33.938  3190.000
33.985  3190.000
34.031  3190.000
34.063  3190.000
34.110  3190.000
34.156  3190.000
34.219  3190.000
34.266  3190.000
34.297  3190.000
34.328  3190.000
34.375  3190.000
34.422  3190.000
34.485  3190.000
34.531  3190.000
34.578  3190.000
34.625  3190.000
34.672  3190.000
34.719  3190.000
34.766  3190.000
34.813  3190.000
34.875  3190.000
34.922  3190.000
34.969  3190.000
35.016  3190.000
35.063  3190.000
35.094  3190.000
35.141  3190.000
35.188  3190.000
35.219  3190.000
35.266  3190.000
35.313  3190.000
35.360  3190.000
35.406  3190.000
35.453  3190.000
35.500  3190.000
35.563  3185.000
35.610  3190.000
35.656  3190.000
35.703  3190.000
35.750  3190.000
35.797  3185.000
35.844  3190.000
35.891  3185.000
35.938  3185.000
35.985  3185.000
36.031  3190.000
36.078  3185.000
36.125  3185.000
36.172  3185.000
36.235  3190.000
36.266  3190.000
36.313  3190.000
36.344  3185.000
36.375  3185.000
36.422  3185.000
36.469  3185.000
36.516  3185.000
36.563  3185.000
36.610  3185.000
36.656  3185.000
36.703  3185.000
36.750  3185.000
36.797  3185.000
36.860  3185.000
36.906  3185.000
36.953  3185.000
37.000  3185.000
37.047  3185.000
37.094  3185.000
37.141  3185.000
37.188  3185.000
37.235  3185.000
37.281  3185.000
37.328  3185.000
37.375  3185.000
37.422  3185.000
37.469  3185.000
37.500  3185.000
37.547  3185.000
37.610  3185.000
37.656  3185.000
37.703  3185.000
37.750  3185.000
37.797  3185.000
37.844  3185.000
37.891  3185.000
37.938  3185.000
37.985  3185.000
38.031  3185.000
38.078  3185.000
38.125  3185.000
38.172  3185.000
38.235  3185.000
38.281  3185.000
38.328  3185.000
38.375  3185.000
38.422  3185.000
38.469  3185.000
38.516  3185.000
38.563  3185.000
38.610  3185.000
38.656  3185.000
38.703  3185.000
38.750  3185.000
38.797  3185.000
38.844  3180.000
38.891  3185.000
38.953  3185.000
39.000  3185.000
39.047  3185.000
39.094  3185.000
39.141  3185.000
39.188  3185.000
39.235  3185.000
39.281  3185.000
39.328  3185.000
39.360  3185.000
39.406  3185.000
39.453  3185.000
39.500  3185.000
39.563  3185.000
39.610  3185.000
39.656  3185.000
39.703  3185.000
39.750  3180.000
39.797  3180.000
39.844  3185.000
39.891  3180.000
39.938  3180.000
39.985  3185.000
40.031  3180.000
40.078  3180.000
40.125  3185.000
40.172  3180.000
40.235  3185.000
40.281  3185.000
40.328  3180.000
40.375  3180.000
40.422  3180.000
40.469  3180.000
40.516  3180.000
40.563  3180.000
40.610  3180.000
40.656  3180.000
40.703  3180.000
40.750  3180.000
40.797  3180.000
40.844  3180.000
40.875  3180.000
40.938  3180.000
40.985  3180.000
41.031  3180.000
41.078  3180.000
41.125  3180.000
41.172  3180.000
41.203  3180.000
41.250  3180.000
41.297  3180.000
41.344  3180.000
41.391  3185.000
41.453  3180.000
41.500  3180.000
41.547  3180.000
41.610  3180.000
41.656  3180.000
41.703  3180.000
41.750  3180.000
41.797  3180.000
41.844  3180.000
41.891  3180.000
41.938  3180.000
41.985  3180.000
42.031  3180.000
42.078  3180.000
42.125  3180.000
42.172  3180.000
42.219  3180.000
42.281  3180.000
42.328  3180.000
42.375  3180.000
42.422  3180.000
42.469  3180.000
42.516  3180.000
42.563  3180.000
42.610  3180.000
42.656  3180.000
42.703  3180.000
42.766  3180.000
42.813  3180.000
42.860  3180.000
42.906  3180.000
42.969  3180.000
43.016  3180.000
43.063  3180.000
43.110  3180.000
43.156  3180.000
43.203  3180.000
43.266  3180.000
43.313  3180.000
43.360  3180.000
43.406  3180.000
43.453  3180.000
43.500  3180.000
43.547  3180.000
43.610  3180.000
43.656  3180.000
43.703  3180.000
43.750  3180.000
43.797  3180.000
43.844  3180.000
43.891  3180.000
43.938  3180.000
44.000  3180.000
44.063  3180.000
44.110  3180.000
44.156  3180.000
44.203  3180.000
44.250  3180.000
44.328  3180.000
44.375  3180.000
44.422  3180.000
44.469  3180.000
44.516  3180.000
44.563  3180.000
44.610  3180.000
44.656  3180.000
44.703  3180.000
44.750  3180.000
44.813  3180.000
44.860  3180.000
44.906  3180.000
44.969  3180.000
45.016  3180.000
45.063  3180.000
45.110  3180.000
45.156  3180.000
45.203  3180.000
45.266  3180.000
45.313  3180.000
45.360  3180.000
45.406  3180.000
45.453  3180.000
45.500  3180.000
45.547  3180.000
45.594  3180.000
45.672  3180.000
45.719  3180.000
45.766  3180.000
45.813  3180.000
45.860  3180.000
45.906  3180.000
45.953  3180.000
46.000  3180.000
46.047  3180.000
46.094  3180.000
46.141  3180.000
46.188  3180.000
46.235  3180.000
46.281  3180.000
46.344  3180.000
46.406  3180.000
46.469  3180.000
46.516  3180.000
46.563  3180.000
46.610  3180.000
46.672  3180.000
46.719  3180.000
46.766  3180.000
46.813  3180.000
46.860  3180.000
46.922  3180.000
46.985  3180.000
47.031  3180.000
47.078  3180.000
47.125  3180.000
47.172  3180.000
47.219  3180.000
47.281  3180.000
47.328  3180.000
47.375  3180.000
47.438  3175.000
47.485  3180.000
47.531  3175.000
47.578  3180.000
47.625  3180.000
47.688  3175.000
47.735  3180.000
47.781  3180.000
47.828  3180.000
47.891  3180.000
47.938  3175.000
47.985  3180.000
48.031  3180.000
48.078  3180.000
48.125  3175.000
48.172  3175.000
48.219  3180.000
48.266  3180.000
48.313  3180.000
48.375  3175.000
48.422  3180.000
48.469  3180.000
48.516  3180.000
48.563  3175.000
48.610  3175.000
48.672  3180.000
48.719  3175.000
48.766  3175.000
48.813  3180.000
48.875  3175.000
48.922  3175.000
48.969  3175.000
49.031  3175.000
49.094  3175.000
49.141  3175.000
49.188  3175.000
49.250  3175.000
49.313  3175.000
49.375  3175.000
49.422  3175.000
49.485  3175.000
49.547  3175.000
49.610  3175.000
49.672  3175.000
49.735  3175.000
49.797  3175.000
49.860  3175.000
49.906  3175.000
49.969  3175.000
50.031  3175.000
50.078  3175.000
50.125  3175.000
50.172  3175.000
50.219  3175.000
50.281  3175.000
50.328  3175.000
50.391  3175.000
50.438  3175.000
50.485  3175.000
50.547  3175.000
50.610  3175.000
50.656  3175.000
50.719  3175.000
50.781  3175.000
50.844  3175.000
50.891  3175.000
50.953  3175.000
51.031  3175.000
51.094  3175.000
51.141  3175.000
51.203  3175.000
51.250  3175.000
51.297  3175.000
51.344  3175.000
51.391  3175.000
51.438  3175.000
51.500  3175.000
51.563  3175.000
51.610  3175.000
51.656  3175.000
51.719  3175.000
51.766  3175.000
51.828  3175.000
51.891  3175.000
51.953  3175.000
52.016  3175.000
52.078  3175.000
52.125  3175.000
52.188  3175.000
52.250  3175.000
52.297  3175.000
52.344  3175.000
52.406  3175.000
52.469  3175.000
52.516  3175.000
52.563  3175.000
52.610  3175.000
52.656  3175.000
52.703  3175.000
52.750  3175.000
52.797  3175.000
52.844  3175.000
52.891  3175.000
52.938  3175.000
52.985  3175.000
53.047  3175.000
53.094  3175.000
53.141  3175.000
53.188  3175.000
53.235  3175.000
53.297  3175.000
53.360  3175.000
53.422  3175.000
53.485  3175.000
53.531  3175.000
53.594  3175.000
53.656  3175.000
53.735  3175.000
53.781  3175.000
53.844  3175.000
53.906  3170.000
53.969  3175.000
54.016  3175.000
54.078  3175.000
54.125  3175.000
54.172  3170.000
54.219  3175.000
54.266  3175.000
54.313  3170.000
54.360  3175.000
54.438  3170.000
54.485  3175.000
54.531  3170.000
54.594  3175.000
54.656  3175.000
54.719  3175.000
54.766  3170.000
54.813  3175.000
54.860  3175.000
54.906  3175.000
54.953  3175.000
55.000  3175.000
55.047  3175.000
55.110  3175.000
55.156  3175.000
55.219  3175.000
55.281  3175.000
55.344  3175.000
55.406  3175.000
55.453  3175.000
55.500  3175.000
55.547  3175.000
55.610  3175.000
55.672  3170.000
55.719  3175.000
55.781  3175.000
55.828  3175.000
55.891  3175.000
55.938  3175.000
55.985  3175.000
56.031  3170.000
56.078  3170.000
56.125  3175.000
56.172  3175.000
56.219  3175.000
56.266  3175.000
56.328  3175.000
56.391  3175.000
56.453  3170.000
56.500  3175.000
56.547  3175.000
56.594  3175.000
56.641  3175.000
56.688  3175.000
56.750  3175.000
56.813  3170.000
56.875  3175.000
56.922  3175.000
56.969  3175.000
57.016  3170.000
57.063  3175.000
57.125  3170.000
57.172  3175.000
57.235  3175.000
57.297  3170.000
57.360  3175.000
57.406  3175.000
57.469  3175.000
57.516  3170.000
57.563  3175.000
57.610  3175.000
57.656  3170.000
57.703  3175.000
57.750  3170.000
57.813  3175.000
57.860  3170.000
57.906  3170.000
57.953  3175.000
58.000  3170.000
58.063  3175.000
58.125  3170.000
58.188  3175.000
58.250  3170.000
58.313  3170.000
58.360  3175.000
58.406  3170.000
58.485  3175.000
58.531  3170.000
58.594  3175.000
58.641  3175.000
58.688  3175.000
58.735  3175.000
58.781  3175.000
58.844  3170.000
58.906  3170.000
58.969  3175.000
59.031  3170.000
59.078  3175.000
59.141  3175.000
59.188  3170.000
59.235  3170.000
59.281  3170.000
59.328  3175.000
59.375  3175.000
59.422  3170.000
59.485  3170.000
59.531  3170.000
59.594  3170.000
59.656  3170.000
59.703  3170.000
59.766  3170.000
59.844  3170.000
59.906  3175.000
59.969  3175.000
60.031  3170.000
60.078  3170.000
60.125  3170.000
60.172  3175.000
60.219  3170.000
60.266  3170.000
60.313  3170.000
60.360  3170.000
60.422  3170.000
60.500  3170.000
60.563  3170.000
60.625  3170.000
60.672  3170.000
60.719  3170.000
60.766  3170.000
60.828  3170.000
60.875  3170.000
60.922  3170.000
60.969  3170.000
61.016  3170.000
61.063  3170.000
61.125  3170.000
61.172  3170.000
61.219  3170.000
61.281  3170.000
61.328  3170.000
61.375  3170.000
61.422  3170.000
61.485  3170.000
61.547  3170.000
61.610  3170.000
61.672  3170.000
61.719  3170.000
61.766  3170.000
61.828  3170.000
61.875  3170.000
61.922  3170.000
61.969  3170.000
62.016  3170.000
62.063  3170.000
62.125  3170.000
62.188  3170.000
62.235  3170.000
62.281  3170.000
62.328  3170.000
62.375  3170.000
62.438  3170.000
62.516  3170.000
62.578  3170.000
62.641  3170.000
62.688  3170.000
62.735  3170.000
62.797  3170.000
62.844  3170.000
62.891  3170.000
62.938  3170.000
62.985  3170.000
63.031  3170.000
63.078  3170.000
63.125  3170.000
63.188  3170.000
63.235  3170.000
63.281  3170.000
63.328  3170.000
63.375  3170.000
63.422  3170.000
63.469  3170.000
63.516  3170.000
63.578  3170.000
63.641  3170.000
63.703  3170.000
63.766  3170.000
63.844  3170.000
63.891  3170.000
63.953  3170.000
64.016  3170.000
64.078  3170.000
64.125  3170.000
64.172  3170.000
64.235  3170.000
64.281  3170.000
64.344  3170.000
64.391  3170.000
64.453  3170.000
64.531  3170.000
64.594  3170.000
64.641  3170.000
64.688  3170.000
64.735  3170.000
64.797  3170.000
64.844  3170.000
64.906  3170.000
64.969  3170.000
65.031  3170.000
65.078  3170.000
65.125  3170.000
65.188  3170.000
65.250  3170.000
65.313  3170.000
65.360  3170.000
65.422  3170.000
65.485  3170.000
65.547  3170.000
65.594  3170.000
65.641  3170.000
65.688  3170.000
65.750  3170.000
65.797  3165.000
65.860  3170.000
65.906  3170.000
65.953  3170.000
66.000  3170.000
66.063  3170.000
66.110  3170.000
66.156  3170.000
66.219  3165.000
66.281  3170.000
66.344  3165.000
66.406  3170.000
66.453  3170.000
66.531  3165.000
66.594  3165.000
66.656  3165.000
66.719  3165.000
66.766  3170.000
66.813  3170.000
66.860  3170.000
66.922  3165.000
66.985  3165.000
67.031  3165.000
67.094  3170.000
67.156  3165.000
67.235  3170.000
67.281  3165.000
67.328  3170.000
67.375  3170.000
67.422  3165.000
67.469  3170.000
67.516  3165.000
67.563  3165.000
67.610  3170.000
67.656  3165.000
67.703  3165.000
67.750  3170.000
67.797  3170.000
67.844  3165.000
67.906  3165.000
67.953  3165.000
68.000  3165.000
68.047  3165.000
68.094  3165.000
68.156  3165.000
68.219  3170.000
68.266  3165.000
68.313  3165.000
68.360  3165.000
68.422  3165.000
68.469  3165.000
68.547  3165.000
68.610  3165.000
68.672  3165.000
68.719  3165.000
68.766  3165.000
68.813  3165.000
68.860  3165.000
68.906  3165.000
68.953  3165.000
69.016  3165.000
69.078  3165.000
69.141  3165.000
69.188  3165.000
69.266  3165.000
69.328  3165.000
69.391  3165.000
69.438  3165.000
69.485  3165.000
69.531  3165.000
69.594  3165.000
69.656  3165.000
69.703  3165.000
69.750  3165.000
69.797  3165.000
69.844  3165.000
69.906  3165.000
69.953  3165.000
70.000  3165.000
70.047  3165.000
70.094  3165.000
70.141  3165.000
70.188  3165.000
70.250  3165.000
70.313  3165.000
70.375  3165.000
70.422  3165.000
70.485  3165.000
70.547  3165.000
70.625  3165.000
70.672  3165.000
70.719  3165.000
70.766  3165.000
70.828  3165.000
70.875  3165.000
70.938  3165.000
71.000  3165.000
71.063  3165.000
71.110  3165.000
71.156  3165.000
71.203  3165.000
71.266  3165.000
71.313  3165.000
71.360  3165.000
71.422  3165.000
71.485  3165.000
71.547  3165.000
71.594  3165.000
71.641  3165.000
71.688  3165.000
71.750  3165.000
71.813  3165.000
71.860  3165.000
71.922  3165.000
71.969  3165.000
72.031  3165.000
72.078  3165.000
72.141  3165.000
72.203  3165.000
72.266  3165.000
72.313  3165.000
72.375  3165.000
72.438  3165.000
72.500  3165.000
72.547  3165.000
72.625  3165.000
72.688  3165.000
72.750  3165.000
72.797  3165.000
72.860  3165.000
72.922  3165.000
72.985  3165.000
73.047  3165.000
73.094  3165.000
73.156  3165.000
73.219  3165.000
73.281  3165.000
73.344  3165.000
73.406  3165.000
73.469  3165.000
73.531  3165.000
73.578  3165.000
73.625  3165.000
73.672  3165.000
73.719  3165.000
73.766  3165.000
73.813  3165.000
73.860  3165.000
73.906  3165.000
73.969  3165.000
74.016  3165.000
74.063  3165.000
74.125  3165.000
74.188  3165.000
74.235  3165.000
74.297  3165.000
74.360  3165.000
74.422  3165.000
74.485  3165.000
74.531  3165.000
74.578  3165.000
74.641  3165.000
74.688  3165.000
74.750  3165.000
74.813  3165.000
74.875  3165.000
74.938  3165.000
74.985  3165.000
75.031  3165.000
75.078  3165.000
75.125  3165.000
75.172  3165.000
75.219  3165.000
75.281  3165.000
75.360  3165.000
75.422  3165.000
75.469  3165.000
75.516  3165.000
75.563  3165.000
75.610  3165.000
75.656  3165.000
75.703  3165.000
75.750  3165.000
75.797  3165.000
75.844  3165.000
75.891  3165.000
75.938  3165.000
76.000  3165.000
76.047  3165.000
76.094  3165.000
76.141  3165.000
76.188  3165.000
76.235  3165.000
76.281  3165.000
76.328  3165.000
76.375  3165.000
76.422  3165.000
76.485  3165.000
76.547  3165.000
76.625  3165.000
76.672  3165.000
76.735  3165.000
76.797  3165.000
76.860  3165.000
76.906  3165.000
76.953  3165.000
77.000  3165.000
77.047  3165.000
77.094  3165.000
77.141  3165.000
77.188  3165.000
77.235  3165.000
77.281  3165.000
77.344  3165.000
77.391  3165.000
77.453  3165.000
77.516  3165.000
77.578  3165.000
77.625  3165.000
77.672  3165.000
77.719  3165.000
77.766  3165.000
77.813  3165.000
77.860  3165.000
77.906  3165.000
77.953  3165.000
78.016  3165.000
78.063  3165.000
78.110  3165.000
78.172  3165.000
78.235  3165.000
78.297  3165.000
78.344  3165.000
78.406  3165.000
78.469  3165.000
78.531  3165.000
78.578  3165.000
78.641  3165.000
78.719  3165.000
78.781  3165.000
78.828  3165.000
78.875  3165.000
78.922  3165.000
78.985  3165.000
79.047  3165.000
79.094  3165.000
79.141  3165.000
79.188  3165.000
79.250  3165.000
79.297  3165.000
79.360  3165.000
79.406  3165.000
79.453  3165.000
79.500  3165.000
79.547  3165.000
79.594  3165.000
79.641  3165.000
79.688  3165.000
79.735  3165.000
79.781  3165.000
79.828  3165.000
79.875  3165.000
79.922  3165.000
79.969  3160.000
80.031  3165.000
80.078  3160.000
80.125  3165.000
80.188  3165.000
80.250  3160.000
80.297  3160.000
80.344  3165.000
80.391  3160.000
80.438  3165.000
80.485  3160.000
80.531  3160.000
80.578  3165.000
80.625  3165.000
80.688  3160.000
80.735  3160.000
80.781  3160.000
80.828  3160.000
80.875  3160.000
80.922  3160.000
80.969  3160.000
81.016  3160.000
81.078  3160.000
81.141  3160.000
81.203  3160.000
81.250  3160.000
81.313  3160.000
81.391  3160.000
81.453  3160.000
81.500  3160.000
81.547  3160.000
81.594  3160.000
81.641  3160.000
81.688  3160.000
81.735  3160.000
81.781  3160.000
81.828  3160.000
81.875  3160.000
81.922  3160.000
81.969  3160.000
82.016  3160.000
82.078  3160.000
82.125  3160.000
82.172  3160.000
82.219  3160.000
82.281  3160.000
82.344  3160.000
82.406  3160.000
82.453  3160.000
82.516  3160.000
82.578  3160.000
82.625  3160.000
82.672  3160.000
82.735  3160.000
82.781  3160.000
82.828  3160.000
82.891  3160.000
82.938  3160.000
82.985  3160.000
83.031  3160.000
83.078  3160.000
83.141  3160.000
83.203  3160.000
83.266  3160.000
83.328  3155.000
83.406  3160.000
83.453  3155.000
83.516  3155.000
83.578  3155.000
83.641  3155.000
83.688  3160.000
83.735  3155.000
83.781  3155.000
83.844  3155.000
83.891  3155.000
83.953  3160.000
84.016  3155.000
84.094  3155.000
84.141  3155.000
84.188  3155.000
84.235  3155.000
84.281  3155.000
84.328  3155.000
84.375  3155.000
84.422  3155.000
84.469  3155.000
84.531  3155.000
84.594  3155.000
84.641  3155.000
84.703  3155.000
84.781  3155.000
84.844  3155.000
84.891  3155.000
84.938  3155.000
84.985  3155.000
85.047  3155.000
85.094  3155.000
85.141  3155.000
85.203  3155.000
85.266  3155.000
85.328  3155.000
85.406  3155.000
85.469  3155.000
85.531  3155.000
85.578  3155.000
85.625  3155.000
85.672  3155.000
85.719  3155.000
85.766  3155.000
85.813  3155.000
85.860  3155.000
85.906  3155.000
85.953  3155.000
86.016  3155.000
86.094  3155.000
86.156  3155.000
86.219  3155.000
86.281  3155.000
86.328  3155.000
86.375  3155.000
86.422  3155.000
86.485  3155.000
86.531  3155.000
86.578  3155.000
86.625  3155.000
86.672  3155.000
86.719  3155.000
86.781  3150.000
86.828  3155.000
86.875  3155.000
86.938  3155.000
87.000  3155.000
87.047  3155.000
87.094  3155.000
87.141  3155.000
87.188  3155.000
87.250  3155.000
87.313  3155.000
87.375  3150.000
87.453  3155.000
87.516  3155.000
87.578  3155.000
87.641  3155.000
87.703  3155.000
87.766  3155.000
87.828  3150.000
87.875  3150.000
87.922  3150.000
87.969  3150.000
88.031  3150.000
88.094  3150.000
88.156  3150.000
88.219  3150.000
88.281  3150.000
88.344  3150.000
88.391  3150.000
88.453  3150.000
88.516  3150.000
88.578  3150.000
88.641  3150.000
88.688  3155.000
88.766  3150.000
88.828  3150.000
88.891  3150.000
88.953  3150.000
89.000  3150.000
89.063  3150.000
89.125  3150.000
89.188  3150.000
89.235  3150.000
89.297  3150.000
89.360  3150.000
89.438  3150.000
89.485  3150.000
89.531  3150.000
89.594  3150.000
89.656  3150.000
89.719  3150.000
89.781  3150.000
89.844  3150.000
89.906  3150.000
89.953  3150.000
90.000  3150.000
90.047  3150.000
90.110  3150.000
90.172  3150.000
90.235  3150.000
90.281  3150.000
90.328  3150.000
90.375  3150.000
90.422  3150.000
90.469  3150.000
90.531  3150.000
90.594  3150.000
90.656  3150.000
90.703  3150.000
90.766  3150.000
90.844  3150.000
90.891  3150.000
90.953  3150.000
91.016  3150.000
91.078  3150.000
91.125  3150.000
91.188  3150.000
91.250  3150.000
91.313  3150.000
91.360  3150.000
91.422  3150.000
91.500  3150.000
91.563  3150.000
91.625  3150.000
91.672  3150.000
91.735  3150.000
91.797  3150.000
91.844  3150.000
91.906  3150.000
91.969  3150.000
92.031  3150.000
92.078  3150.000
92.125  3150.000
92.188  3150.000
92.235  3145.000
92.281  3150.000
92.328  3145.000
92.391  3150.000
92.453  3150.000
92.516  3145.000
92.578  3145.000
92.625  3145.000
92.688  3145.000
92.750  3145.000
92.797  3145.000
92.891  3145.000
92.953  3145.000
93.000  3150.000
93.063  3145.000
93.110  3145.000
93.172  3145.000
93.219  3145.000
93.266  3145.000
93.313  3150.000
93.360  3150.000
93.406  3150.000
93.469  3145.000
93.531  3145.000
93.594  3145.000
93.656  3145.000
93.719  3145.000
93.766  3145.000
93.813  3145.000
93.860  3145.000
93.922  3145.000
93.985  3145.000
94.031  3145.000
94.078  3145.000
94.125  3145.000
94.203  3145.000
94.250  3145.000
94.313  3145.000
94.360  3145.000
94.422  3145.000
94.485  3145.000
94.547  3145.000
94.610  3145.000
94.672  3145.000
94.735  3145.000
94.781  3145.000
94.860  3145.000
94.906  3140.000
94.969  3145.000
95.031  3145.000
95.094  3145.000
95.156  3145.000
95.219  3145.000
95.266  3145.000
95.313  3145.000
95.360  3145.000
95.406  3145.000
95.469  3140.000
95.547  3145.000
95.610  3145.000
95.672  3145.000
95.719  3140.000
95.781  3140.000
95.844  3140.000
95.906  3145.000
95.953  3145.000
96.000  3145.000
96.047  3145.000
96.094  3145.000
96.156  3145.000
96.235  3145.000
96.297  3140.000
96.360  3145.000
96.422  3140.000
96.469  3140.000
96.531  3140.000
96.594  3145.000
96.656  3140.000
96.703  3140.000
96.766  3140.000
96.828  3140.000
96.922  3145.000
96.985  3145.000
97.047  3140.000
97.110  3145.000
97.156  3145.000
97.203  3145.000
97.250  3145.000
97.297  3140.000
97.360  3140.000
97.422  3145.000
97.500  3140.000
97.563  3140.000
97.610  3140.000
97.656  3140.000
97.703  3140.000
97.750  3140.000
97.797  3140.000
97.844  3140.000
97.922  3140.000
97.969  3140.000
98.031  3140.000
98.094  3140.000
98.156  3140.000
98.235  3140.000
98.297  3140.000
98.360  3140.000
98.422  3140.000
98.500  3140.000
98.547  3140.000
98.594  3140.000
98.656  3140.000
98.719  3140.000
98.781  3140.000
98.844  3140.000
98.906  3140.000
98.953  3140.000
99.000  3140.000
99.047  3140.000
99.110  3140.000
99.172  3140.000
99.235  3140.000
99.297  3140.000
99.360  3140.000
99.406  3140.000
99.469  3140.000
99.563  3140.000
99.625  3140.000
99.688  3140.000
99.750  3140.000
99.797  3140.000
99.844  3140.000
99.906  3140.000
99.969  3140.000
100.031  3140.000
100.078  3140.000
100.141  3140.000
100.203  3140.000
100.281  3140.000
100.344  3145.000
100.422  3140.000
100.469  3140.000
100.516  3140.000
100.563  3140.000
100.610  3140.000
100.672  3140.000
100.735  3140.000
100.781  3140.000
100.860  3140.000
100.922  3140.000
100.985  3140.000
101.047  3140.000
101.094  3140.000
101.141  3140.000
101.188  3140.000
101.235  3140.000
101.297  3140.000
101.360  3140.000
101.422  3140.000
101.485  3140.000
101.547  3140.000
101.625  3140.000
101.688  3140.000
101.750  3140.000
101.813  3140.000
101.875  3140.000
101.938  3140.000
102.000  3140.000
102.078  3140.000
102.141  3140.000
102.203  3140.000
102.266  3140.000
102.328  3140.000
102.391  3140.000
102.453  3140.000
102.516  3140.000
102.563  3140.000
102.625  3140.000
102.688  3140.000
102.735  3140.000
102.781  3140.000
102.844  3140.000
102.922  3140.000
102.985  3140.000
103.047  3140.000
103.110  3140.000
103.156  3140.000
103.219  3140.000
103.281  3140.000
103.344  3140.000
103.406  3140.000
103.453  3140.000
103.500  3140.000
103.547  3140.000
103.610  3140.000
103.672  3140.000
103.735  3140.000
103.813  3140.000
103.860  3140.000
103.906  3145.000
103.969  3140.000
104.031  3140.000
104.078  3140.000
104.141  3140.000
104.203  3140.000
104.297  3140.000
104.344  3140.000
104.391  3140.000
104.469  3140.000
104.516  3140.000
104.578  3140.000
104.625  3140.000
104.672  3140.000
104.719  3140.000
104.766  3140.000
104.828  3140.000
104.891  3140.000
104.969  3140.000
105.031  3140.000
105.094  3140.000
105.156  3140.000
105.235  3140.000
105.313  3140.000
105.360  3140.000
105.406  3140.000
105.453  3140.000
105.500  3140.000
105.563  3140.000
105.641  3140.000
105.688  3140.000
105.735  3140.000
105.781  3140.000
105.828  3140.000
105.875  3140.000
105.922  3140.000
105.969  3140.000
106.031  3140.000
106.078  3140.000
106.125  3140.000
106.172  3140.000
106.219  3140.000
106.266  3140.000
106.328  3140.000
106.391  3140.000
106.438  3140.000
106.485  3140.000
106.531  3140.000
106.578  3140.000
106.625  3140.000
106.672  3140.000
106.719  3140.000
106.781  3140.000
106.844  3140.000
106.891  3140.000
106.953  3140.000
107.047  3140.000
107.110  3140.000
107.172  3140.000
107.235  3140.000
107.313  3140.000
107.375  3140.000
107.422  3140.000
107.485  3140.000
107.531  3140.000
107.594  3140.000
107.688  3140.000
107.735  3140.000
107.797  3140.000
107.844  3140.000
107.891  3140.000
107.938  3140.000
107.985  3140.000
108.031  3140.000
108.078  3140.000
108.141  3140.000
108.203  3140.000
108.266  3140.000
108.328  3140.000
108.406  3140.000
108.453  3140.000
108.500  3140.000
108.578  3140.000
108.641  3140.000
108.688  3140.000
108.735  3140.000
108.781  3140.000
108.828  3140.000
108.891  3140.000
108.953  3140.000
109.016  3140.000
109.078  3140.000
109.141  3140.000
109.203  3140.000
109.250  3140.000
109.328  3140.000
109.375  3140.000
109.422  3140.000
109.469  3140.000
109.516  3140.000
109.563  3140.000
109.610  3140.000
109.672  3140.000
109.719  3140.000
109.781  3140.000
109.828  3140.000
109.891  3140.000
109.953  3140.000
110.031  3140.000
110.110  3140.000
110.156  3140.000
110.219  3140.000
110.281  3140.000
110.360  3140.000
110.406  3140.000
110.453  3140.000
110.500  3140.000
110.547  3140.000
110.610  3140.000
110.672  3140.000
110.735  3140.000
110.781  3140.000
110.844  3140.000
110.906  3140.000
110.985  3140.000
111.063  3140.000
111.125  3140.000
111.188  3140.000
111.235  3140.000
111.281  3140.000
111.344  3140.000
111.406  3145.000
111.485  3145.000
111.531  3145.000
111.594  3145.000
111.656  3140.000
111.735  3140.000
111.797  3140.000
111.844  3145.000
111.891  3140.000
111.938  3145.000
111.985  3140.000
112.031  3145.000
112.094  3145.000
112.156  3145.000
112.203  3140.000
112.281  3140.000
112.360  3145.000
112.406  3145.000
112.485  3145.000
112.531  3145.000
112.594  3145.000
112.672  3145.000
112.735  3145.000
112.797  3145.000
112.860  3145.000
112.922  3145.000
112.985  3145.000
113.047  3145.000
113.094  3145.000
113.141  3145.000
113.188  3145.000
113.235  3145.000
113.297  3145.000
113.360  3145.000
113.438  3145.000
113.485  3145.000
113.547  3145.000
113.610  3145.000
113.656  3145.000
113.719  3145.000
113.766  3145.000
113.828  3145.000
113.891  3145.000
113.953  3145.000
114.000  3145.000
114.078  3145.000
114.156  3145.000
114.219  3145.000
114.266  3145.000
114.313  3145.000
114.360  3145.000
114.422  3145.000
114.469  3145.000
114.516  3145.000
114.563  3145.000
114.641  3145.000
114.703  3145.000
114.750  3145.000
114.797  3145.000
114.844  3145.000
114.922  3145.000
114.985  3145.000
115.063  3145.000
115.125  3145.000
115.188  3145.000
115.235  3145.000
115.281  3145.000
115.328  3150.000
115.375  3145.000
115.438  3145.000
115.485  3145.000
115.563  3145.000
115.610  3150.000
115.656  3145.000
115.703  3145.000
115.766  3145.000
115.828  3145.000
115.875  3145.000
115.922  3145.000
115.969  3150.000
116.016  3145.000
116.063  3150.000
116.110  3145.000
116.156  3145.000
116.203  3145.000
116.281  3145.000
116.344  3145.000
116.406  3145.000
116.469  3145.000
116.547  3145.000
116.610  3145.000
116.672  3150.000
116.735  3145.000
116.781  3145.000
116.860  3145.000
116.922  3145.000
117.000  3150.000
117.063  3150.000
117.125  3150.000
117.172  3150.000
117.250  3145.000
117.297  3145.000
117.360  3145.000
117.422  3145.000
117.485  3145.000
117.547  3145.000
117.594  3150.000
117.656  3150.000
117.719  3145.000
117.797  3145.000
117.844  3145.000
117.891  3145.000
117.938  3145.000
117.985  3150.000
118.031  3145.000
118.078  3150.000
118.125  3145.000
118.203  3145.000
118.250  3145.000
118.328  3145.000
118.406  3145.000
118.485  3145.000
118.547  3145.000
118.594  3145.000
118.641  3145.000
118.688  3145.000
118.735  3150.000
118.781  3145.000
118.860  3145.000
118.922  3145.000
118.985  3145.000
119.047  3145.000
119.094  3145.000
119.156  3145.000
119.203  3145.000
119.250  3145.000
119.297  3145.000
119.375  3145.000
119.438  3145.000
119.485  3145.000
119.563  3145.000
119.641  3145.000
119.688  3145.000
119.750  3145.000
119.828  3145.000
119.891  3145.000
119.953  3145.000
120.016  3145.000
120.078  3145.000
120.141  3145.000
120.203  3145.000
120.250  3145.000
120.297  3145.000
120.344  3145.000
120.422  3145.000
120.485  3145.000
120.531  3145.000
120.610  3145.000
120.672  3145.000
120.735  3145.000
120.781  3145.000
120.828  3145.000
120.875  3145.000
120.922  3145.000
120.969  3145.000
121.016  3145.000
121.063  3145.000
121.110  3145.000
121.172  3145.000
121.219  3145.000
121.266  3145.000
121.313  3145.000
121.360  3145.000
121.422  3145.000
121.500  3145.000
121.547  3145.000
121.594  3145.000
121.641  3145.000
121.703  3145.000
121.766  3145.000
121.844  3145.000
121.906  3145.000
121.953  3145.000
122.016  3145.000
122.094  3145.000
122.172  3145.000
122.250  3145.000
122.313  3145.000
122.375  3145.000
122.453  3140.000
122.531  3145.000
122.594  3145.000
122.641  3145.000
122.703  3145.000
122.766  3145.000
122.828  3145.000
122.906  3145.000
122.969  3145.000
123.016  3145.000
123.063  3145.000
123.110  3145.000
123.172  3140.000
123.219  3145.000
123.266  3145.000
123.313  3145.000
123.360  3145.000
123.406  3145.000
123.485  3145.000
123.547  3145.000
123.610  3145.000
123.656  3145.000
123.703  3145.000
123.750  3145.000
123.797  3140.000
123.860  3140.000
123.906  3140.000
123.953  3145.000
124.000  3145.000
124.047  3145.000
124.094  3145.000
124.172  3145.000
124.235  3145.000
124.297  3145.000
124.344  3145.000
124.391  3140.000
124.438  3145.000
124.485  3145.000
124.547  3140.000
124.594  3145.000
124.641  3145.000
124.719  3145.000
124.766  3140.000
124.828  3140.000
124.875  3145.000
124.953  3140.000
125.000  3145.000
125.063  3140.000
125.110  3145.000
125.203  3140.000
125.250  3145.000
125.313  3140.000
125.375  3145.000
125.438  3140.000
125.500  3145.000
125.578  3140.000
125.641  3145.000
125.703  3140.000
125.766  3140.000
125.813  3145.000
125.875  3145.000
125.922  3145.000
125.969  3145.000
126.016  3145.000
126.094  3145.000
126.156  3145.000
126.203  3145.000
126.281  3145.000
126.360  3145.000
126.422  3145.000
126.485  3145.000
126.563  3145.000
126.641  3145.000
126.703  3145.000
126.766  3145.000
126.813  3140.000
126.891  3145.000
126.969  3140.000
127.031  3145.000
127.078  3145.000
127.141  3140.000
127.203  3145.000
127.250  3140.000
127.297  3140.000
127.344  3145.000
127.391  3145.000
127.438  3145.000
127.485  3145.000
127.531  3140.000
127.578  3140.000
127.625  3145.000
127.703  3145.000
127.766  3140.000
127.813  3140.000
127.860  3140.000
127.922  3145.000
127.969  3140.000
128.047  3140.000
128.110  3140.000
128.172  3145.000
128.250  3145.000
128.313  3140.000
128.375  3140.000
128.453  3140.000
128.516  3145.000
128.594  3140.000
128.672  3145.000
128.735  3140.000
128.781  3140.000
128.828  3140.000
128.875  3145.000
128.938  3145.000
129.000  3140.000
129.063  3145.000
129.125  3140.000
129.203  3140.000
129.281  3145.000
129.344  3140.000
129.422  3140.000
129.485  3140.000
129.547  3145.000
129.594  3140.000
129.641  3140.000
129.688  3140.000
129.735  3140.000
129.781  3140.000
129.860  3140.000
129.938  3145.000
130.000  3140.000
130.063  3140.000
130.125  3140.000
130.203  3140.000
130.250  3140.000
130.297  3140.000
130.375  3140.000
130.422  3140.000
130.500  3140.000
130.578  3140.000
130.656  3140.000
130.719  3140.000
130.781  3140.000
130.860  3145.000
130.922  3140.000
130.969  3145.000
131.047  3145.000
131.125  3140.000
131.188  3140.000
131.266  3145.000
131.344  3140.000
131.406  3140.000
131.469  3140.000
131.531  3140.000
131.610  3140.000
131.672  3140.000
131.735  3140.000
131.797  3140.000
131.875  3140.000
131.953  3140.000
132.000  3140.000
132.078  3140.000
132.156  3145.000
132.219  3140.000
132.297  3140.000
132.360  3140.000
132.422  3145.000
132.469  3140.000
132.516  3140.000
132.563  3140.000
132.625  3140.000
132.672  3140.000
132.719  3145.000
132.766  3140.000
132.813  3140.000
132.860  3140.000
132.906  3140.000
132.953  3140.000
133.000  3140.000
133.047  3140.000
133.094  3140.000
133.141  3145.000
133.188  3145.000
133.235  3140.000
133.297  3140.000
133.344  3140.000
133.391  3140.000
133.438  3140.000
133.485  3140.000
133.531  3140.000
133.578  3140.000
133.656  3140.000
133.703  3140.000
133.750  3140.000
133.828  3140.000
133.891  3140.000
133.985  3145.000
134.031  3140.000
134.078  3140.000
134.125  3140.000
134.172  3140.000
134.250  3140.000
134.313  3140.000
134.375  3140.000
134.438  3140.000
134.485  3140.000
134.531  3140.000
134.578  3140.000
134.641  3140.000
134.703  3140.000
134.766  3140.000
134.828  3140.000
134.875  3140.000
134.953  3140.000
135.031  3140.000
135.094  3140.000
135.156  3140.000
135.203  3140.000
135.250  3140.000
135.313  3140.000
135.360  3140.000
135.438  3140.000
135.516  3140.000
135.578  3140.000
135.625  3140.000
135.672  3145.000
135.719  3140.000
135.766  3140.000
135.844  3140.000
135.906  3140.000
135.985  3140.000
136.063  3140.000
136.125  3145.000
136.188  3140.000
136.266  3140.000
136.328  3140.000
136.391  3140.000
136.438  3145.000
136.516  3140.000
136.594  3140.000
136.672  3145.000
136.750  3140.000
136.813  3145.000
136.891  3145.000
136.953  3140.000
137.016  3140.000
137.078  3140.000
137.156  3145.000
137.219  3140.000
137.266  3145.000
137.328  3145.000
137.375  3145.000
137.422  3140.000
137.500  3140.000
137.578  3140.000
137.641  3140.000
137.703  3140.000
137.766  3145.000
137.813  3140.000
137.860  3140.000
137.938  3140.000
138.000  3140.000
138.047  3145.000
138.094  3145.000
138.141  3145.000
138.188  3145.000
138.235  3145.000
138.281  3145.000
138.328  3145.000
138.375  3145.000
138.453  3140.000
138.531  3145.000
138.594  3140.000
138.672  3145.000
138.735  3140.000
138.781  3140.000
138.860  3145.000
138.938  3145.000
138.985  3145.000
139.031  3145.000
139.078  3145.000
139.125  3140.000
139.172  3145.000
139.219  3145.000
139.297  3145.000
139.391  3140.000
139.453  3140.000
139.531  3145.000
139.594  3145.000
139.656  3145.000
139.735  3145.000
139.797  3145.000
139.844  3145.000
139.922  3145.000
140.000  3145.000
140.078  3145.000
140.156  3145.000
140.235  3140.000
140.313  3145.000
140.360  3145.000
140.406  3145.000
140.453  3145.000
140.500  3145.000
140.563  3145.000
140.641  3145.000
140.735  3145.000
140.797  3145.000
140.844  3145.000
140.922  3145.000
141.000  3140.000
141.063  3145.000
141.110  3145.000
141.188  3145.000
141.266  3140.000
141.328  3145.000
141.391  3145.000
141.469  3145.000
141.547  3145.000
141.610  3145.000
141.672  3145.000
141.719  3145.000
141.781  3145.000
141.844  3145.000
141.906  3145.000
141.953  3145.000
142.016  3145.000
142.094  3145.000
142.172  3145.000
142.235  3145.000
142.313  3145.000
142.360  3145.000
142.422  3145.000
142.485  3145.000
142.547  3145.000
142.625  3145.000
142.719  3145.000
142.781  3145.000
142.844  3145.000
142.906  3145.000
142.985  3145.000
143.047  3145.000
143.125  3145.000
143.188  3145.000
143.250  3145.000
143.313  3145.000
143.406  3145.000
143.453  3145.000
143.500  3145.000
143.547  3145.000
143.594  3145.000
143.641  3145.000
143.688  3145.000
143.735  3145.000
143.781  3145.000
143.860  3145.000
143.938  3145.000
143.985  3145.000
144.078  3145.000
144.156  3145.000
144.219  3145.000
144.281  3145.000
144.360  3145.000
144.422  3145.000
144.485  3145.000
144.563  3145.000
144.625  3145.000
144.688  3145.000
144.766  3140.000
144.828  3140.000
144.906  3145.000
144.953  3145.000
145.031  3145.000
145.110  3145.000
145.156  3145.000
145.235  3145.000
145.313  3140.000
145.375  3145.000
145.453  3145.000
145.516  3145.000
145.594  3145.000
145.656  3145.000
145.719  3145.000
145.797  3145.000
145.860  3145.000
145.922  3145.000
145.985  3145.000
146.078  3145.000
146.141  3145.000
146.188  3145.000
146.266  3145.000
146.344  3145.000
146.406  3145.000
146.485  3145.000
146.547  3145.000
146.594  3145.000
146.641  3145.000
146.688  3145.000
146.735  3145.000
146.828  3145.000
146.891  3145.000
146.969  3145.000
147.031  3145.000
147.094  3145.000
147.156  3145.000
147.235  3145.000
147.297  3145.000
147.360  3145.000
147.438  3145.000
147.485  3145.000
147.547  3145.000
147.610  3145.000
147.656  3145.000
147.703  3145.000
147.750  3145.000
147.797  3145.000
147.844  3145.000
147.891  3145.000
147.938  3145.000
147.985  3145.000
148.031  3145.000
148.094  3145.000
148.141  3145.000
148.188  3145.000
148.235  3145.000
148.281  3145.000
148.328  3145.000
148.375  3145.000
148.438  3145.000
148.500  3145.000
148.563  3145.000
148.625  3145.000
148.703  3145.000
148.781  3145.000
148.844  3145.000
148.922  3145.000
148.985  3145.000
149.047  3145.000
149.110  3145.000
149.188  3140.000
149.250  3145.000
149.313  3145.000
149.375  3145.000
149.469  3145.000
149.531  3145.000
149.578  3145.000
149.656  3145.000
149.735  3140.000
149.813  3145.000
149.891  3145.000
149.969  3140.000
150.047  3145.000
150.141  3140.000
150.219  3145.000
150.281  3145.000
150.344  3145.000
150.406  3145.000
150.485  3145.000
150.531  3145.000
150.594  3145.000
150.656  3145.000
150.719  3140.000
150.797  3140.000
150.860  3140.000
150.906  3140.000
150.953  3140.000
151.000  3140.000
151.047  3140.000
151.094  3145.000
151.141  3145.000
151.188  3145.000
151.266  3145.000
151.344  3140.000
151.406  3140.000
151.485  3140.000
151.563  3140.000
151.625  3140.000
151.688  3140.000
151.750  3140.000
151.828  3140.000
151.891  3140.000
151.953  3140.000
152.031  3140.000
152.094  3140.000
152.172  3140.000
152.235  3140.000
152.313  3140.000
152.375  3140.000
152.438  3140.000
152.516  3140.000
152.578  3140.000
152.641  3140.000
152.703  3140.000
152.766  3140.000
152.860  3140.000
152.922  3140.000
152.985  3140.000
153.031  3140.000
153.078  3140.000
153.125  3140.000
153.188  3140.000
153.266  3140.000
153.328  3140.000
153.375  3140.000
153.422  3140.000
153.469  3140.000
153.547  3140.000
153.610  3140.000
153.672  3140.000
153.750  3140.000
153.813  3140.000
153.875  3140.000
153.953  3140.000
154.031  3140.000
154.110  3140.000
154.203  3140.000
154.266  3135.000
154.328  3140.000
154.406  3140.000
154.500  3140.000
154.563  3140.000
154.625  3140.000
154.703  3140.000
154.766  3140.000
154.844  3140.000
154.906  3140.000
154.985  3140.000
155.047  3140.000
155.110  3140.000
155.188  3140.000
155.250  3140.000
155.313  3140.000
155.391  3140.000
155.453  3140.000
155.531  3140.000
155.594  3140.000
155.672  3140.000
155.719  3140.000
155.797  3140.000
155.860  3140.000
155.922  3140.000
155.985  3140.000
156.047  3140.000
156.110  3140.000
156.203  3140.000
156.281  3140.000
156.360  3140.000
156.422  3140.000
156.485  3140.000
156.563  3140.000
156.641  3140.000
156.688  3135.000
156.735  3140.000
156.813  3140.000
156.906  3140.000
156.969  3140.000
157.031  3140.000
157.094  3140.000
157.172  3140.000
157.235  3140.000
157.313  3140.000
157.391  3140.000
157.453  3140.000
157.547  3140.000
157.625  3140.000
157.688  3140.000
157.750  3140.000
157.828  3140.000
157.891  3140.000
157.953  3140.000
158.016  3140.000
158.094  3140.000
158.156  3140.000
158.235  3140.000
158.313  3140.000
158.375  3140.000
158.422  3140.000
158.469  3140.000
158.531  3140.000
158.594  3140.000
158.656  3140.000
158.735  3140.000
158.813  3140.000
158.891  3140.000
158.938  3140.000
159.016  3140.000
159.094  3140.000
159.156  3140.000
159.203  3140.000
159.281  3140.000
159.360  3140.000
159.422  3140.000
159.516  3140.000
159.610  3140.000
159.672  3140.000
159.735  3140.000
159.781  3140.000
159.828  3140.000
159.906  3140.000
159.985  3140.000
160.031  3140.000
160.078  3140.000
160.125  3140.000
160.172  3140.000
160.250  3140.000
160.313  3140.000
160.391  3140.000
160.453  3140.000
160.531  3140.000
160.594  3140.000
160.656  3140.000
160.735  3140.000
160.797  3140.000
160.860  3140.000
160.953  3140.000
161.016  3140.000
161.078  3140.000
161.141  3140.000
161.219  3140.000
161.266  3140.000
161.313  3140.000
161.360  3140.000
161.406  3140.000
161.453  3140.000
161.516  3140.000
161.578  3140.000
161.672  3140.000
161.735  3145.000
161.797  3140.000
161.860  3140.000
161.938  3140.000
162.000  3140.000
162.047  3145.000
162.125  3140.000
162.203  3140.000
162.281  3140.000
162.360  3140.000
162.438  3140.000
162.531  3140.000
162.610  3140.000
162.672  3140.000
162.719  3145.000
162.766  3140.000
162.813  3140.000
162.860  3140.000
162.906  3145.000
162.969  3140.000
163.031  3145.000
163.094  3145.000
163.172  3145.000
163.250  3140.000
163.328  3140.000
163.406  3145.000
163.485  3145.000
163.547  3140.000
163.641  3145.000
163.719  3140.000
163.797  3140.000
163.875  3140.000
163.953  3140.000
164.031  3145.000
164.110  3145.000
164.188  3145.000
164.266  3140.000
164.360  3145.000
164.438  3145.000
164.516  3145.000
164.594  3140.000
164.656  3145.000
164.703  3140.000
164.781  3140.000
164.860  3140.000
164.969  3145.000
165.031  3145.000
165.110  3145.000
165.188  3145.000
165.266  3145.000
165.328  3145.000
165.391  3145.000
165.438  3145.000
165.531  3145.000
165.610  3140.000
165.688  3145.000
165.766  3145.000
165.828  3145.000
165.906  3145.000
165.969  3145.000
166.047  3145.000
166.125  3145.000
166.172  3145.000
166.235  3145.000
166.328  3145.000
166.406  3145.000
166.485  3145.000
166.563  3145.000
166.625  3145.000
166.703  3145.000
166.781  3145.000
166.844  3145.000
166.922  3145.000
167.016  3145.000
167.078  3145.000
167.141  3145.000
167.219  3145.000
167.281  3145.000
167.344  3145.000
167.406  3145.000
167.485  3145.000
167.563  3145.000
167.656  3145.000
167.719  3145.000
167.766  3145.000
167.844  3145.000
167.922  3145.000
168.000  3145.000
168.063  3145.000
168.141  3145.000
168.219  3145.000
168.297  3145.000
168.391  3145.000
168.469  3145.000
168.563  3145.000
168.625  3145.000
168.703  3145.000
168.750  3145.000
168.828  3145.000
168.906  3145.000
169.000  3145.000
169.078  3145.000
169.156  3145.000
169.235  3145.000
169.297  3145.000
169.344  3145.000
169.422  3145.000
169.500  3145.000
169.578  3145.000
169.672  3145.000
169.735  3145.000
169.797  3145.000
169.875  3145.000
169.953  3145.000
170.031  3145.000
170.110  3145.000
170.188  3145.000
170.266  3145.000
170.360  3145.000
170.438  3145.000
170.531  3145.000
170.594  3145.000
170.641  3145.000
170.688  3145.000
170.735  3145.000
170.781  3145.000
170.828  3145.000
170.875  3145.000
170.922  3145.000
171.000  3145.000
171.094  3145.000
171.156  3145.000
171.219  3145.000
171.297  3145.000
171.360  3145.000
171.406  3145.000
171.453  3145.000
171.500  3145.000
171.547  3145.000
171.594  3145.000
171.641  3145.000
171.703  3145.000
171.781  3145.000
171.828  3145.000
171.875  3145.000
171.938  3145.000
172.016  3145.000
172.094  3145.000
172.172  3140.000
172.250  3145.000
172.328  3145.000
172.391  3145.000
172.469  3145.000
172.547  3145.000
172.625  3145.000
172.688  3145.000
172.766  3145.000
172.844  3145.000
172.922  3145.000
173.000  3145.000
173.094  3145.000
173.141  3145.000
173.188  3145.000
173.235  3145.000
173.313  3145.000
173.391  3145.000
173.453  3145.000
173.531  3145.000
173.610  3145.000
173.703  3145.000
173.781  3145.000
173.860  3145.000
173.922  3140.000
174.000  3145.000
174.063  3145.000
174.141  3145.000
174.219  3145.000
174.281  3140.000
174.360  3145.000
174.422  3145.000
174.500  3145.000
174.578  3145.000
174.672  3145.000
174.735  3145.000
174.781  3145.000
174.828  3145.000
174.875  3145.000
174.922  3145.000
174.969  3145.000
175.063  3145.000
175.125  3145.000
175.219  3145.000
175.313  3145.000
175.406  3145.000
175.469  3145.000
175.547  3145.000
175.594  3145.000
175.641  3145.000
175.688  3145.000
175.750  3145.000
175.797  3145.000
175.875  3145.000
175.953  3150.000
176.031  3145.000
176.110  3145.000
176.188  3145.000
176.266  3145.000
176.344  3145.000
176.438  3145.000
176.516  3145.000
176.578  3145.000
176.656  3145.000
176.735  3145.000
176.797  3150.000
176.875  3150.000
176.953  3145.000
177.016  3150.000
177.110  3145.000
177.188  3145.000
177.250  3145.000
177.313  3145.000
177.391  3150.000
177.469  3150.000
177.547  3145.000
177.641  3145.000
177.719  3145.000
177.813  3145.000
177.891  3145.000
177.953  3150.000
178.016  3150.000
178.094  3150.000
178.188  3150.000
178.266  3150.000
178.313  3150.000
178.375  3150.000
178.453  3150.000
178.547  3145.000
178.625  3150.000
178.688  3150.000
178.750  3150.000
178.813  3150.000
178.875  3150.000
178.922  3150.000
178.985  3150.000
179.047  3150.000
179.141  3150.000
179.203  3150.000
179.281  3150.000
179.375  3150.000
179.438  3150.000
179.531  3150.000
179.610  3150.000
179.703  3150.000
179.766  3150.000
179.813  3150.000
179.860  3150.000
179.906  3150.000
179.969  3150.000
180.047  3150.000
180.110  3150.000
180.188  3150.000
180.250  3150.000
180.313  3150.000
180.375  3150.000
180.422  3150.000
180.500  3150.000
180.578  3150.000
180.672  3150.000
180.719  3150.000
180.781  3150.000
180.844  3150.000
180.922  3150.000
180.985  3150.000
181.063  3150.000
181.156  3150.000
181.250  3150.000
181.328  3150.000
181.422  3150.000
181.500  3150.000
181.578  3150.000
181.641  3150.000
181.688  3150.000
181.735  3150.000
181.797  3150.000
181.844  3150.000
181.922  3150.000
181.985  3150.000
182.031  3150.000
182.110  3150.000
182.188  3150.000
182.266  3150.000
182.344  3150.000
182.422  3150.000
182.500  3150.000
182.563  3150.000
182.625  3150.000
182.688  3150.000
182.735  3150.000
182.813  3150.000
182.891  3150.000
182.969  3150.000
183.016  3150.000
183.063  3150.000
183.110  3150.000
183.172  3150.000
183.235  3150.000
183.297  3150.000
183.375  3150.000
183.438  3150.000
183.516  3150.000
183.610  3150.000
183.703  3150.000
183.781  3150.000
183.875  3150.000
183.953  3150.000
184.031  3150.000
184.125  3150.000
184.203  3150.000
184.297  3150.000
184.344  3150.000
184.391  3150.000
184.438  3150.000
184.547  3150.000
184.610  3150.000
184.672  3150.000
184.719  3150.000
184.766  3150.000
184.844  3150.000
184.922  3150.000
185.016  3150.000
185.063  3150.000
185.110  3150.000
185.172  3150.000
185.219  3150.000
185.297  3150.000
185.360  3150.000
185.406  3150.000
185.485  3150.000
185.563  3150.000
185.625  3150.000
185.703  3150.000
185.797  3150.000
185.891  3150.000
185.985  3150.000
186.031  3150.000
186.094  3150.000
186.156  3150.000
186.250  3150.000
186.313  3150.000
186.375  3150.000
186.453  3150.000
186.516  3150.000
186.578  3150.000
186.641  3150.000
186.735  3150.000
186.813  3150.000
186.906  3150.000
186.969  3150.000
187.016  3150.000
187.063  3150.000
187.110  3150.000
187.156  3150.000
187.219  3150.000
187.266  3150.000
187.313  3150.000
187.391  3150.000
187.469  3150.000
187.531  3150.000
187.578  3150.000
187.656  3150.000
187.735  3150.000
187.844  3150.000
187.906  3150.000
187.985  3150.000
188.063  3150.000
188.141  3150.000
188.235  3150.000
188.313  3150.000
188.406  3150.000
188.485  3150.000
188.594  3150.000
188.641  3150.000
188.735  3150.000
188.797  3150.000
188.875  3150.000
188.953  3150.000
189.031  3150.000
189.125  3150.000
189.203  3150.000
189.266  3150.000
189.344  3150.000
189.406  3150.000
189.485  3150.000
189.578  3150.000
189.641  3150.000
189.719  3150.000
189.797  3150.000
189.875  3150.000
189.969  3150.000
190.031  3150.000
190.125  3150.000
190.203  3150.000
190.297  3150.000
190.360  3150.000
190.422  3150.000
190.469  3150.000
190.516  3150.000
190.578  3150.000
190.625  3150.000
190.672  3150.000
190.750  3150.000
190.797  3150.000
190.844  3150.000
190.891  3150.000
190.938  3150.000
191.016  3150.000
191.110  3150.000
191.188  3150.000
191.297  3150.000
191.344  3150.000
191.391  3150.000
191.438  3150.000
191.516  3150.000
191.594  3150.000
191.672  3150.000
191.735  3150.000
191.813  3150.000
191.906  3150.000
191.985  3150.000
192.047  3150.000
192.125  3150.000
192.219  3150.000
192.281  3150.000
192.375  3150.000
192.469  3150.000
192.547  3150.000
192.641  3150.000
192.735  3150.000
192.797  3150.000
192.875  3150.000
192.969  3150.000
193.016  3150.000
193.063  3150.000
193.141  3150.000
193.250  3150.000
193.313  3150.000
193.391  3150.000
193.485  3150.000
193.578  3150.000
193.672  3150.000
193.766  3150.000
193.828  3150.000
193.938  3150.000
194.000  3150.000
194.078  3150.000
194.172  3150.000
194.235  3150.000
194.281  3150.000
194.375  3150.000
194.438  3150.000
194.500  3150.000
194.578  3150.000
194.688  3150.000
194.766  3150.000
194.860  3150.000
194.922  3150.000
195.016  3150.000
195.110  3150.000
195.188  3150.000
195.266  3150.000
195.375  3150.000
195.438  3150.000
195.500  3150.000
195.563  3150.000
195.610  3150.000
195.672  3150.000
195.735  3150.000
195.797  3150.000
195.844  3150.000
195.891  3150.000
195.938  3145.000
196.000  3150.000
196.047  3150.000
196.125  3150.000
196.203  3150.000
196.266  3150.000
196.344  3150.000
196.422  3145.000
196.485  3145.000
196.531  3145.000
196.578  3140.000
196.672  3145.000
196.766  3140.000
196.844  3140.000
196.922  3150.000
196.985  3150.000
197.031  3145.000
197.125  3145.000
197.203  3145.000
197.297  3150.000
197.360  3150.000
197.438  3150.000
197.485  3150.000
197.563  3150.000
197.656  3150.000
197.735  3150.000
197.828  3150.000
197.906  3150.000
198.016  3150.000
198.078  3150.000
198.172  3150.000
198.266  3150.000
198.344  3145.000
198.422  3145.000
198.500  3150.000
198.578  3145.000
198.672  3145.000
198.750  3150.000
198.828  3145.000
198.875  3145.000
198.922  3150.000
199.000  3150.000
199.047  3150.000
199.125  3145.000
199.188  3150.000
199.250  3145.000
199.328  3145.000
199.406  3150.000
199.453  3150.000
199.500  3150.000
199.547  3150.000
199.625  3145.000
199.719  3145.000
199.797  3150.000
199.860  3150.000
199.953  3150.000
200.031  3145.000
200.110  3145.000
200.203  3145.000
200.266  3145.000
200.313  3145.000
200.406  3145.000
200.469  3145.000
200.563  3145.000
200.625  3145.000
200.703  3145.000
200.781  3145.000
200.860  3145.000
200.953  3150.000
201.031  3150.000
201.125  3150.000
201.188  3145.000
201.266  3145.000
201.375  3145.000
201.438  3145.000
201.485  3145.000
201.578  3145.000
201.641  3145.000
201.735  3145.000
201.813  3145.000
201.906  3145.000
202.016  3145.000
202.094  3145.000
202.156  3145.000
202.235  3145.000
202.328  3145.000
202.391  3145.000
202.438  3145.000
202.500  3145.000
202.547  3145.000
202.625  3145.000
202.735  3145.000
202.813  3145.000
202.875  3145.000
202.953  3145.000
203.031  3145.000
203.110  3145.000
203.172  3145.000
203.250  3145.000
203.328  3145.000
203.406  3145.000
203.485  3145.000
203.563  3145.000
203.610  3145.000
203.672  3145.000
203.735  3145.000
203.781  3145.000
203.860  3145.000
203.922  3145.000
203.969  3145.000
204.047  3145.000
204.141  3145.000
204.219  3145.000
204.281  3145.000
204.375  3145.000
204.453  3145.000
204.500  3145.000
204.578  3145.000
204.656  3145.000
204.766  3145.000
204.860  3145.000
204.938  3145.000
205.031  3145.000
205.125  3145.000
205.203  3145.000
205.250  3145.000
205.328  3145.000
205.422  3145.000
205.516  3145.000
205.578  3145.000
205.656  3145.000
205.703  3145.000
205.797  3145.000
205.860  3145.000
205.953  3145.000
206.016  3140.000
206.078  3145.000
206.125  3145.000
206.172  3145.000
206.266  3145.000
206.344  3145.000
206.438  3145.000
206.516  3145.000
206.578  3145.000
206.672  3145.000
206.781  3145.000
206.860  3145.000
206.953  3145.000
207.016  3145.000
207.094  3145.000
207.188  3145.000
207.235  3145.000
207.281  3145.000
207.360  3145.000
207.469  3145.000
207.563  3145.000
207.641  3145.000
207.703  3145.000
207.781  3145.000
207.875  3145.000
207.938  3145.000
208.016  3145.000
208.110  3145.000
208.203  3145.000
208.281  3145.000
208.344  3145.000
208.406  3145.000
208.469  3145.000
208.563  3150.000
208.625  3145.000
208.672  3145.000
208.719  3145.000
208.781  3145.000
208.828  3145.000
208.891  3145.000
208.938  3145.000
208.985  3150.000
209.031  3145.000
209.110  3145.000
209.172  3150.000
209.250  3145.000
209.328  3145.000
209.406  3150.000
209.500  3150.000
209.547  3150.000
209.594  3150.000
209.641  3150.000
209.688  3150.000
209.735  3150.000
209.781  3150.000
209.828  3150.000
209.875  3150.000
209.922  3150.000
210.000  3150.000
210.047  3150.000
210.141  3150.000
210.203  3150.000
210.281  3150.000
210.344  3150.000
210.438  3150.000
210.531  3150.000
210.610  3150.000
210.672  3150.000
210.750  3150.000
210.860  3150.000
210.938  3150.000
211.016  3150.000
211.094  3150.000
211.172  3150.000
211.250  3150.000
211.313  3150.000
211.375  3150.000
211.422  3150.000
211.516  3150.000
211.578  3150.000
211.641  3150.000
211.688  3150.000
211.750  3150.000
211.813  3150.000
211.891  3150.000
211.985  3150.000
212.047  3150.000
212.110  3150.000
212.188  3150.000
212.266  3150.000
212.360  3150.000
212.438  3150.000
212.500  3150.000
212.547  3150.000
212.610  3150.000
212.656  3150.000
212.703  3150.000
212.766  3150.000
212.875  3150.000
212.953  3150.000
213.047  3150.000
213.141  3150.000
213.219  3150.000
213.281  3150.000
213.360  3150.000
213.438  3155.000
213.531  3150.000
213.610  3150.000
213.703  3150.000
213.750  3150.000
213.844  3150.000
213.906  3155.000
213.969  3150.000
214.016  3150.000
214.063  3150.000
214.110  3155.000
214.172  3150.000
214.219  3155.000
214.281  3150.000
214.328  3150.000
214.391  3150.000
214.453  3150.000
214.531  3150.000
214.625  3150.000
214.719  3150.000
214.797  3155.000
214.906  3155.000
215.000  3150.000
215.078  3150.000
215.141  3150.000
215.203  3155.000
215.266  3150.000
215.344  3150.000
215.438  3150.000
215.547  3150.000
215.625  3150.000
215.688  3150.000
215.750  3150.000
215.813  3150.000
215.875  3155.000
215.922  3150.000
216.000  3150.000
216.063  3150.000
216.172  3150.000
216.266  3150.000
216.313  3155.000
216.360  3150.000
216.438  3150.000
216.500  3150.000
216.578  3150.000
216.641  3150.000
216.719  3150.000
216.813  3150.000
216.922  3150.000
216.985  3150.000
217.063  3150.000
217.156  3155.000
217.219  3150.000
217.266  3150.000
217.313  3150.000
217.360  3150.000
217.406  3150.000
217.453  3150.000
217.500  3150.000
217.563  3150.000
217.610  3150.000
217.656  3150.000
217.703  3150.000
217.750  3150.000
217.797  3150.000
217.875  3150.000
217.953  3150.000
218.047  3150.000
218.141  3150.000
218.235  3150.000
218.297  3150.000
218.375  3150.000
218.438  3150.000
218.531  3150.000
218.610  3150.000
218.656  3150.000
218.735  3150.000
218.797  3150.000
218.875  3150.000
218.922  3150.000
218.969  3150.000
219.047  3150.000
219.125  3150.000
219.219  3150.000
219.313  3150.000
219.406  3150.000
219.485  3150.000
219.563  3150.000
219.625  3150.000
219.688  3150.000
219.781  3150.000
219.844  3150.000
219.938  3150.000
220.031  3150.000
220.125  3150.000
220.219  3150.000
220.297  3150.000
220.360  3150.000
220.406  3150.000
220.485  3150.000
220.563  3150.000
220.656  3150.000
220.750  3150.000
220.828  3150.000
220.938  3150.000
221.031  3150.000
221.110  3150.000
221.203  3150.000
221.297  3150.000
221.375  3150.000
221.469  3150.000
221.578  3150.000
221.672  3150.000
221.750  3150.000
221.828  3150.000
221.891  3150.000
221.985  3150.000
222.063  3150.000
222.125  3150.000
222.219  3150.000
222.313  3150.000
222.406  3150.000
222.500  3150.000
222.594  3150.000
222.656  3150.000
222.719  3150.000
222.766  3150.000
222.844  3150.000
222.922  3145.000
222.985  3150.000
223.063  3145.000
223.110  3145.000
223.156  3145.000
223.250  3145.000
223.328  3145.000
223.422  3145.000
223.516  3145.000
223.625  3145.000
223.688  3145.000
223.735  3145.000
223.813  3145.000
223.875  3145.000
223.969  3145.000
224.047  3145.000
224.125  3145.000
224.203  3145.000
224.297  3145.000
224.360  3145.000
224.453  3145.000
224.531  3145.000
224.594  3145.000
224.672  3145.000
224.766  3145.000
224.860  3145.000
224.953  3145.000
225.031  3145.000
225.110  3145.000
225.188  3145.000
225.250  3145.000
225.344  3145.000
225.422  3145.000
225.485  3145.000
225.547  3145.000
225.625  3145.000
225.719  3145.000
225.813  3145.000
225.891  3145.000
225.969  3145.000
226.047  3140.000
226.110  3140.000
226.203  3140.000
226.281  3140.000
226.344  3140.000
226.391  3140.000
226.438  3140.000
226.516  3145.000
226.610  3140.000
226.672  3140.000
226.750  3145.000
226.813  3140.000
226.860  3145.000
226.969  3145.000
227.063  3140.000
227.141  3140.000
227.219  3145.000
227.281  3140.000
227.375  3140.000
227.469  3140.000
227.563  3140.000
227.656  3140.000
227.750  3140.000
227.828  3140.000
227.906  3140.000
227.985  3140.000
228.047  3140.000
228.141  3140.000
228.219  3140.000
228.313  3140.000
228.375  3140.000
228.469  3140.000
228.563  3140.000
228.625  3140.000
228.719  3140.000
228.781  3140.000
228.844  3140.000
228.906  3140.000
228.985  3140.000
229.063  3140.000
229.110  3140.000
229.156  3140.000
229.203  3140.000
229.250  3140.000
229.297  3140.000
229.344  3140.000
229.422  3140.000
229.516  3140.000
229.563  3140.000
229.641  3140.000
229.735  3140.000
229.813  3140.000
229.860  3140.000
229.906  3140.000
229.953  3140.000
230.000  3135.000
230.047  3140.000
230.094  3140.000
230.141  3140.000
230.188  3140.000
230.235  3140.000
230.281  3140.000
230.344  3140.000
230.391  3140.000
230.485  3140.000
230.563  3140.000
230.656  3135.000
230.735  3140.000
230.828  3140.000
230.922  3135.000
231.000  3140.000
231.078  3140.000
231.156  3135.000
231.250  3135.000
231.344  3135.000
231.438  3140.000
231.500  3135.000
231.594  3140.000
231.688  3135.000
231.766  3140.000
231.828  3135.000
231.875  3135.000
231.969  3135.000
232.063  3135.000
232.125  3140.000
232.172  3140.000
232.219  3135.000
232.297  3135.000
232.391  3140.000
232.469  3135.000
232.563  3135.000
232.641  3135.000
232.735  3135.000
232.781  3135.000
232.875  3135.000
232.953  3135.000
233.000  3135.000
233.078  3135.000
233.125  3135.000
233.172  3135.000
233.235  3135.000
233.297  3135.000
233.344  3135.000
233.391  3135.000
233.469  3135.000
233.547  3135.000
233.641  3135.000
233.750  3135.000
233.844  3135.000
233.922  3135.000
234.000  3135.000
234.063  3135.000
234.141  3135.000
234.235  3135.000
234.297  3135.000
234.406  3135.000
234.500  3135.000
234.578  3135.000
234.641  3135.000
234.688  3135.000
234.735  3135.000
234.781  3135.000
234.828  3135.000
234.875  3135.000
234.953  3135.000
235.016  3135.000
235.125  3135.000
235.219  3135.000
235.297  3135.000
235.375  3135.000
235.422  3135.000
235.516  3135.000
235.594  3135.000
235.672  3135.000
235.719  3135.000
235.813  3135.000
235.906  3135.000
236.000  3135.000
236.078  3135.000
236.172  3135.000
236.266  3135.000
236.344  3135.000
236.453  3135.000
236.531  3135.000
236.610  3135.000
236.688  3135.000
236.766  3135.000
236.828  3135.000
236.875  3135.000
236.922  3135.000
236.969  3135.000
237.016  3135.000
237.110  3135.000
237.188  3135.000
237.281  3135.000
237.375  3135.000
237.469  3135.000
237.547  3135.000
237.641  3135.000
237.703  3135.000
237.797  3135.000
237.860  3135.000
237.906  3135.000
238.000  3135.000
238.078  3135.000
238.141  3135.000
238.235  3135.000
238.328  3135.000
238.438  3135.000
238.531  3135.000
238.610  3135.000
238.703  3135.000
238.781  3135.000
238.875  3135.000
238.969  3135.000
239.047  3135.000
239.156  3135.000
239.203  3135.000
239.281  3135.000
239.344  3135.000
239.438  3135.000
239.531  3135.000
239.625  3135.000
239.719  3135.000
239.813  3135.000
239.875  3135.000
239.953  3135.000
240.031  3135.000
240.110  3135.000
240.188  3135.000
240.297  3135.000
240.375  3135.000
240.453  3135.000
240.516  3135.000
240.563  3135.000
240.625  3130.000
240.672  3130.000
240.719  3135.000
240.781  3135.000
240.828  3130.000
240.891  3135.000
240.953  3135.000
241.016  3135.000
241.094  3130.000
241.188  3130.000
241.281  3135.000
241.360  3130.000
241.453  3130.000
241.547  3130.000
241.625  3135.000
241.688  3135.000
241.797  3135.000
241.891  3130.000
241.985  3135.000
242.047  3135.000
242.141  3135.000
242.235  3130.000
242.313  3130.000
242.406  3130.000
242.516  3130.000
242.594  3135.000
242.656  3130.000
242.750  3130.000
242.828  3130.000
242.906  3130.000
242.969  3130.000
243.063  3130.000
243.172  3130.000
243.266  3130.000
243.360  3130.000
243.406  3130.000
243.500  3130.000
243.578  3130.000
243.672  3130.000
243.781  3130.000
243.875  3130.000
243.938  3130.000
244.016  3130.000
244.094  3130.000
244.172  3130.000
244.250  3130.000
244.328  3130.000
244.375  3130.000
244.469  3130.000
244.578  3130.000
244.672  3130.000
244.781  3130.000
244.844  3130.000
244.906  3130.000
244.969  3130.000
245.016  3130.000
245.078  3130.000
245.125  3130.000
245.203  3130.000
245.281  3130.000
245.344  3130.000
245.422  3130.000
245.500  3130.000
245.578  3130.000
245.625  3130.000
245.703  3130.000
245.797  3130.000
245.891  3130.000
245.985  3130.000
246.078  3130.000
246.156  3130.000
246.235  3130.000
246.313  3130.000
246.406  3130.000
246.516  3130.000
246.578  3130.000
246.672  3130.000
246.766  3130.000
246.844  3130.000
246.938  3130.000
247.031  3130.000
247.110  3130.000
247.156  3125.000
247.250  3130.000
247.344  3130.000
247.422  3125.000
247.516  3125.000
247.610  3130.000
247.703  3130.000
247.766  3125.000
247.875  3130.000
247.969  3130.000
248.063  3125.000
248.141  3125.000
248.219  3125.000
248.281  3125.000
248.360  3125.000
248.453  3125.000
248.516  3125.000
248.578  3125.000
248.656  3125.000
248.735  3125.000
248.813  3125.000
248.906  3125.000
248.969  3125.000
249.063  3125.000
249.156  3125.000
249.266  3125.000
249.313  3125.000
249.406  3125.000
249.500  3125.000
249.578  3125.000
249.672  3125.000
249.735  3125.000
249.813  3125.000
249.875  3125.000
249.985  3125.000
250.063  3125.000
250.156  3125.000
250.250  3125.000
250.328  3125.000
250.406  3125.000
250.485  3125.000
250.594  3125.000
250.656  3125.000
250.735  3125.000
250.813  3125.000
250.891  3125.000
250.969  3125.000
251.016  3125.000
251.094  3125.000
251.156  3125.000
251.250  3125.000
251.328  3125.000
251.422  3125.000
251.500  3125.000
251.563  3125.000
251.656  3125.000
251.735  3125.000
251.813  3125.000
251.906  3125.000
251.985  3125.000
252.047  3125.000
252.141  3125.000
252.219  3125.000
252.281  3125.000
252.375  3125.000
252.438  3125.000
252.516  3125.000
252.625  3125.000
252.719  3125.000
252.813  3125.000
252.875  3125.000
252.969  3125.000
253.063  3125.000
253.156  3125.000
253.266  3125.000
253.328  3125.000
253.422  3125.000
253.516  3125.000
253.610  3125.000
253.688  3125.000
253.735  3125.000
253.797  3125.000
253.875  3125.000
253.953  3125.000
254.000  3125.000
254.047  3125.000
254.094  3125.000
254.141  3125.000
254.188  3125.000
254.235  3125.000
254.297  3125.000
254.344  3125.000
254.438  3125.000
254.547  3125.000
254.641  3125.000
254.719  3125.000
254.781  3125.000
254.875  3125.000
254.953  3125.000
255.031  3125.000
255.125  3125.000
255.219  3125.000
255.297  3125.000
255.375  3125.000
255.469  3125.000
255.531  3125.000
255.625  3125.000
255.703  3125.000
255.813  3125.000
255.891  3125.000
255.985  3125.000
256.063  3125.000
256.156  3125.000
256.235  3125.000
256.328  3125.000
256.422  3125.000
256.516  3125.000
256.610  3125.000
256.688  3125.000
256.781  3125.000
256.844  3125.000
256.891  3125.000
256.938  3125.000
257.031  3125.000
257.125  3125.000
257.188  3125.000
257.281  3125.000
257.391  3125.000
257.485  3125.000
257.594  3125.000
257.688  3125.000
257.781  3125.000
257.875  3125.000
257.938  3125.000
258.047  3125.000
258.141  3125.000
258.250  3125.000
258.328  3125.000
258.406  3125.000
258.469  3125.000
258.563  3125.000
258.656  3125.000
258.735  3125.000
258.797  3125.000
258.860  3125.000
258.922  3125.000
259.000  3125.000
259.063  3125.000
259.156  3125.000
259.235  3125.000
259.297  3125.000
259.391  3125.000
259.469  3125.000
259.578  3125.000
259.641  3125.000
259.688  3125.000
259.766  3125.000
259.828  3125.000
259.922  3125.000
260.031  3125.000
260.094  3125.000
260.141  3125.000
260.188  3125.000
260.235  3125.000
260.281  3125.000
260.328  3125.000
260.375  3125.000
260.422  3125.000
260.469  3125.000
260.531  3125.000
260.578  3125.000
260.625  3125.000
260.688  3125.000
260.735  3125.000
260.813  3125.000
260.891  3125.000
260.953  3125.000
261.016  3125.000
261.110  3125.000
261.188  3125.000
261.266  3125.000
261.375  3125.000
261.469  3125.000
261.563  3125.000
261.641  3125.000
261.735  3125.000
261.844  3125.000
261.922  3125.000
262.016  3125.000
262.078  3125.000
262.156  3125.000
262.250  3125.000
262.313  3125.000
262.391  3125.000
262.485  3125.000
262.594  3125.000
262.656  3125.000
262.750  3125.000
262.844  3125.000
262.938  3125.000
263.031  3125.000
263.110  3125.000
263.172  3125.000
263.235  3125.000
263.313  3125.000
263.422  3125.000
263.500  3125.000
263.594  3125.000
263.672  3125.000
263.735  3125.000
263.781  3125.000
263.860  3125.000
263.922  3125.000
264.000  3125.000
264.094  3125.000
264.156  3125.000
264.235  3125.000
264.313  3125.000
264.375  3125.000
264.422  3125.000
264.469  3125.000
264.578  3125.000
264.688  3125.000
264.797  3125.000
264.891  3125.000
264.969  3125.000
265.031  3130.000
265.110  3125.000
265.203  3125.000
265.266  3125.000
265.328  3125.000
265.438  3125.000
265.531  3125.000
265.610  3125.000
265.703  3125.000
265.781  3125.000
265.860  3125.000
265.953  3125.000
266.063  3125.000
266.141  3125.000
266.203  3125.000
266.266  3125.000
266.328  3125.000
266.391  3125.000
266.469  3125.000
266.531  3125.000
266.625  3125.000
266.719  3125.000
266.813  3125.000
266.906  3125.000
266.985  3125.000
267.078  3125.000
267.188  3125.000
267.266  3125.000
267.328  3125.000
267.391  3125.000
267.453  3125.000
267.531  3125.000
267.641  3125.000
267.703  3130.000
267.766  3125.000
267.828  3125.000
267.891  3130.000
267.953  3125.000
268.031  3125.000
268.125  3125.000
268.219  3125.000
268.313  3125.000
268.360  3130.000
268.438  3125.000
268.516  3125.000
268.625  3125.000
268.688  3125.000
268.797  3125.000
268.875  3125.000
268.922  3130.000
268.985  3130.000
269.063  3125.000
269.156  3125.000
269.235  3125.000
269.313  3125.000
269.422  3125.000
269.500  3130.000
269.578  3125.000
269.656  3125.000
269.719  3125.000
269.797  3130.000
269.891  3125.000
269.985  3130.000
270.063  3125.000
270.156  3130.000
270.250  3125.000
270.313  3130.000
270.422  3130.000
270.500  3130.000
270.578  3125.000
270.656  3130.000
270.781  3125.000
270.860  3130.000
270.953  3130.000
271.031  3130.000
271.110  3130.000
271.188  3130.000
271.266  3130.000
271.360  3130.000
271.485  3130.000
271.547  3130.000
271.641  3130.000
271.735  3135.000
271.828  3130.000
271.906  3130.000
271.985  3130.000
272.047  3130.000
272.110  3135.000
272.203  3130.000
272.297  3130.000
272.391  3130.000
272.469  3130.000
272.531  3135.000
272.625  3130.000
272.688  3130.000
272.781  3130.000
272.860  3130.000
272.953  3130.000
273.031  3130.000
273.110  3130.000
273.188  3130.000
273.250  3130.000
273.313  3130.000
273.375  3130.000
273.485  3135.000
273.563  3130.000
273.625  3130.000
273.719  3130.000
273.797  3130.000
273.860  3130.000
273.922  3135.000
273.985  3130.000
274.047  3130.000
274.156  3130.000
274.235  3130.000
274.297  3130.000
274.375  3135.000
274.453  3130.000
274.516  3130.000
274.594  3135.000
274.688  3130.000
274.766  3130.000
274.844  3130.000
274.938  3130.000
275.031  3135.000
275.110  3130.000
275.172  3135.000
275.266  3130.000
275.360  3135.000
275.453  3135.000
275.563  3135.000
275.641  3135.000
275.703  3135.000
275.750  3130.000
275.828  3135.000
275.938  3135.000
276.000  3135.000
276.094  3130.000
276.203  3135.000
276.281  3135.000
276.360  3135.000
276.438  3135.000
276.531  3130.000
276.594  3130.000
276.688  3130.000
276.781  3135.000
276.860  3135.000
276.922  3135.000
277.031  3135.000
277.078  3135.000
277.172  3135.000
277.266  3135.000
277.328  3135.000
277.391  3135.000
277.485  3135.000
277.610  3135.000
277.703  3135.000
277.797  3135.000
277.891  3135.000
277.969  3135.000
278.078  3135.000
278.188  3135.000
278.266  3135.000
278.360  3135.000
278.453  3135.000
278.531  3135.000
278.625  3135.000
278.719  3135.000
278.797  3135.000
278.891  3135.000
278.953  3135.000
279.031  3135.000
279.125  3135.000
279.219  3135.000
279.281  3135.000
279.375  3135.000
279.469  3135.000
279.563  3130.000
279.672  3135.000
279.735  3135.000
279.828  3135.000
279.906  3135.000
280.000  3135.000
280.063  3135.000
280.156  3135.000
280.281  3135.000
280.375  3135.000
280.438  3135.000
280.531  3135.000
280.594  3135.000
280.641  3135.000
280.735  3135.000
280.797  3135.000
280.891  3135.000
280.969  3135.000
281.063  3135.000
281.172  3135.000
281.235  3135.000
281.281  3135.000
281.344  3135.000
281.453  3135.000
281.563  3135.000
281.641  3135.000
281.703  3135.000
281.766  3135.000
281.828  3135.000
281.906  3135.000
282.000  3135.000
282.094  3135.000
282.156  3135.000
282.219  3135.000
282.297  3135.000
282.391  3135.000
282.469  3135.000
282.578  3135.000
282.688  3135.000
282.766  3135.000
282.860  3135.000
282.953  3135.000
283.063  3135.000
283.141  3135.000
283.203  3135.000
283.266  3135.000
283.344  3135.000
283.406  3135.000
283.469  3135.000
283.563  3135.000
283.672  3135.000
283.735  3135.000
283.813  3135.000
283.906  3135.000
283.985  3135.000
284.078  3135.000
284.172  3135.000
284.266  3135.000
284.360  3135.000
284.422  3135.000
284.485  3135.000
284.563  3135.000
