1343.418  26.132
1343.668  26.132
1343.917  26.132
1344.183  26.132
1344.432  26.132
1344.682  26.132
1344.931  26.132
1345.181  26.132
1345.431  26.132
1345.680  26.132
1345.930  26.132
1346.179  26.245
1346.429  26.245
1346.679  26.245
1346.928  26.245
1347.178  26.245
1347.428  26.245
1347.677  26.245
1347.942  26.245
1348.192  26.245
1348.442  26.245
1348.691  26.245
1348.941  26.245
1349.190  26.245
1349.440  26.245
1349.690  26.245
1349.939  26.245
1350.189  26.245
1350.438  26.245
1350.704  26.245
1350.953  26.245
1351.203  26.245
1351.452  26.147
1351.702  26.147
1351.952  26.147
1352.201  26.147
1352.451  26.147
1352.700  26.147
1352.950  26.147
1353.215  26.147
1353.465  26.147
1353.714  26.147
1353.964  26.147
1354.214  26.199
1354.463  26.199
1354.713  26.199
1354.962  26.199
1355.228  26.199
1355.477  26.199
1355.727  26.199
1355.976  26.199
1356.226  26.199
1356.476  26.199
1356.725  26.199
1356.990  26.199
1357.240  26.199
1357.490  26.199
1357.739  26.199
1357.989  26.199
1358.238  26.199
1358.488  26.199
1358.753  26.199
1359.003  26.199
1359.252  26.199
1359.502  26.199
1359.752  26.199
1360.017  26.236
1360.266  26.236
1360.516  26.236
1360.766  26.236
1361.015  26.236
1361.265  26.236
1361.514  26.236
1361.780  26.236
1362.029  26.236
1362.279  26.236
1362.528  26.236
1362.778  26.135
1363.028  26.135
1363.293  26.135
1363.542  26.135
1363.792  26.135
1364.042  26.135
1364.291  26.135
1364.556  26.135
1364.806  26.135
1365.056  26.135
1365.305  26.135
1365.555  26.129
1365.804  26.129
1366.070  26.129
1366.319  26.129
1366.569  26.129
1366.818  26.129
1367.068  26.129
1367.333  26.129
1367.583  26.129
1367.832  26.129
1368.082  26.129
1368.332  26.199
1368.581  26.199
1368.846  26.199
1369.096  26.199
1369.346  26.199
1369.595  26.199
1369.845  26.199
1370.110  26.199
1370.360  26.199
1370.609  26.199
1370.859  26.199
1371.108  26.190
1371.358  26.190
1371.623  26.190
1371.873  26.190
1372.122  26.190
1372.372  26.190
1372.622  26.190
1372.887  26.190
1373.136  26.190
1373.386  26.190
1373.651  26.190
1373.901  26.385
1374.150  26.385
1374.400  26.385
1374.650  26.385
1374.915  26.385
1375.164  26.385
1375.414  26.385
1375.679  26.385
1375.929  26.385
1376.178  26.385
1376.428  26.385
1376.693  26.102
1376.943  26.102
1377.192  26.102
1377.442  26.102
1377.707  26.102
1377.957  26.102
1378.207  26.102
1378.472  26.102
1378.721  26.102
1378.971  26.102
1379.236  26.102
1379.486  26.239
1379.735  26.239
1379.985  26.239
1380.250  26.239
1380.500  26.239
1380.749  26.239
1381.015  26.239
1381.264  26.239
1381.514  26.239
1381.779  26.239
1382.029  26.239
1382.278  26.184
1382.543  26.184
1382.793  26.184
1383.043  26.184
1383.308  26.184
1383.557  26.184
1383.807  26.184
1384.072  26.184
1384.322  26.184
1384.571  26.184
1384.837  26.184
1385.086  25.443
1385.336  25.443
1385.601  25.443
1385.851  25.443
1386.100  25.443
1386.365  25.443
1386.615  25.443
1386.880  25.443
1387.130  25.443
1387.379  25.443
1387.645  25.443
1387.894  17.484
1388.144  17.484
1388.409  17.484
1388.659  17.484
1388.908  17.484
1389.173  17.484
1389.423  17.484
1389.673  17.484
1389.938  17.484
1390.187  17.484
1390.453  17.484
1390.702  23.505
1390.952  23.505
1391.217  23.505
1391.467  23.505
1391.732  23.505
1391.981  23.505
1392.231  23.505
1392.496  23.505
1392.746  23.505
1393.011  23.505
1393.261  23.505
1393.510  26.437
1393.775  26.437
1394.025  26.437
1394.290  26.437
1394.540  26.437
1394.789  26.437
1395.055  26.437
1395.304  26.437
1395.569  26.437
1395.819  26.437
1396.069  26.437
1396.334  26.242
1396.583  26.242
1396.849  26.242
1397.098  26.242
1397.348  26.242
1397.613  26.242
1397.863  26.242
1398.128  26.242
1398.377  26.242
1398.643  26.242
1398.892  26.242
1399.142  26.260
1399.407  26.260
1399.657  26.260
1399.922  26.260
1400.171  26.260
1400.421  26.260
1400.686  26.260
1400.936  26.260
1401.201  26.260
1401.451  26.260
1401.700  26.260
1401.965  26.260
1402.215  26.260
1402.480  26.260
1402.730  26.260
1402.995  26.260
1403.245  26.260
1403.510  26.260
1403.759  26.260
1404.009  26.260
1404.274  26.260
1404.524  26.181
1404.789  26.181
1405.039  26.181
1405.304  26.181
1405.553  26.181
1405.819  26.181
1406.068  26.181
1406.333  26.181
1406.583  26.181
1406.833  26.181
1407.098  26.181
1407.347  26.215
1407.613  26.215
1407.862  26.215
1408.127  26.215
1408.377  26.215
1408.642  26.215
1408.892  26.215
1409.157  26.215
1409.407  26.215
1409.672  26.215
1409.922  26.215
1410.187  26.227
1410.436  26.227
1410.702  26.227
1410.951  26.227
1411.216  26.227
1411.466  26.227
1411.731  26.227
1411.981  26.227
1412.246  26.227
1412.496  26.227
1412.761  26.227
1413.010  26.218
1413.276  26.218
1413.525  26.218
1413.790  26.218
1414.040  26.218
1414.305  26.218
1414.555  26.218
1414.820  26.218
1415.070  26.218
1415.335  26.218
1415.584  26.218
1415.850  26.221
1416.099  26.221
1416.364  26.221
1416.614  26.221
1416.879  26.221
1417.129  26.221
1417.394  26.221
1417.644  26.221
1417.909  26.221
1418.158  26.221
1418.424  26.221
1418.673  26.221
1418.938  26.221
1419.204  26.221
1419.453  26.221
1419.718  26.221
1419.968  26.221
1420.233  26.221
1420.483  26.251
1420.748  26.251
1420.998  26.251
1421.263  26.251
1421.512  26.251
1421.778  26.251
1422.043  26.251
1422.292  26.251
1422.558  26.251
1422.807  26.251
1423.072  26.251
1423.322  26.178
1423.587  26.178
1423.852  26.178
1424.102  26.178
1424.367  26.178
1424.617  26.178
1424.882  26.178
1425.132  26.178
1425.397  26.178
1425.662  26.178
1425.912  26.178
1426.177  26.157
1426.426  26.157
1426.692  26.157
1426.957  26.157
1427.206  26.157
1427.472  26.157
1427.721  26.157
1427.986  26.157
1428.236  26.157
1428.517  26.157
1428.782  26.157
1429.032  26.248
1429.297  26.248
1429.546  26.248
1429.812  26.248
1430.077  26.248
1430.326  26.248
1430.592  26.248
1430.841  26.248
1431.106  26.248
1431.356  26.248
1431.621  26.248
1431.886  26.093
1432.136  26.093
1432.401  26.093
1432.651  26.093
1432.916  26.093
1433.166  26.093
1433.431  26.093
1433.680  26.093
1433.946  26.093
1434.211  26.093
1434.460  26.093
1434.726  26.071
1434.975  26.071
1435.240  26.071
1435.506  26.071
1435.755  26.071
1436.020  26.071
1436.270  26.071
1436.535  26.071
1436.800  26.071
1437.050  26.071
1437.315  26.071
1437.565  25.983
1437.830  25.983
1438.095  25.983
1438.345  25.983
1438.610  25.983
1438.860  25.983
1439.125  25.983
1439.390  25.983
1439.640  25.983
1439.905  25.983
1440.155  25.983
1440.420  25.983
1440.669  25.983
1440.935  25.983
1441.200  25.983
1441.449  25.983
1441.715  25.983
1441.980  25.983
1442.229  25.983
1442.495  25.952
1442.744  25.952
1443.009  25.952
1443.275  25.952
1443.540  25.952
1443.789  25.952
1444.055  25.952
1444.320  25.952
1444.569  25.952
1444.835  25.952
1445.100  25.952
1445.349  25.894
1445.615  25.894
1445.880  25.894
1446.129  25.894
1446.395  25.894
1446.660  25.894
1446.909  25.894
1447.175  25.894
1447.440  25.894
1447.705  25.894
1447.955  25.894
1448.220  25.806
1448.485  25.806
1448.735  25.806
1449.000  25.806
1449.265  25.806
1449.515  25.806
1449.780  25.806
1450.045  25.806
1450.295  25.806
1450.560  25.806
1450.825  25.806
1451.075  25.806
1451.340  25.806
1451.605  25.806
1451.870  25.806
1452.120  25.806
1452.385  25.806
1452.650  25.806
1452.900  25.806
1453.165  25.806
1453.430  25.775
1453.695  25.775
1453.945  25.775
1454.210  25.775
1454.475  25.775
1454.741  25.775
1454.990  25.775
1455.255  25.775
1455.521  25.775
1455.770  25.775
1456.035  25.775
1456.301  25.601
1456.566  25.601
1456.815  25.601
1457.081  25.601
1457.346  25.601
1457.611  25.601
1457.861  25.601
1458.126  25.601
1458.391  25.601
1458.641  25.601
1458.906  25.601
1459.171  25.586
1459.436  25.586
1459.686  25.586
1459.951  25.586
1460.216  25.586
1460.481  25.586
1460.731  25.586
1460.996  25.586
1461.261  25.586
1461.527  25.586
1461.776  25.586
1462.041  25.592
1462.307  25.592
1462.572  25.592
1462.821  25.592
1463.087  25.592
1463.352  25.592
1463.617  25.592
1463.882  25.592
1464.132  25.592
1464.397  25.592
1464.662  25.592
1464.927  25.659
1465.177  25.659
1465.442  25.659
1465.707  25.659
1465.973  25.659
1466.222  25.659
1466.487  25.659
1466.753  25.659
1467.018  25.659
1467.267  25.659
1467.533  25.659
1467.798  25.659
1468.063  25.659
1468.328  25.659
1468.578  25.659
1468.843  25.659
1469.108  25.659
1469.373  25.659
1469.639  25.659
1469.888  25.659
1470.153  25.659
1470.419  25.598
1470.684  25.598
1470.949  25.598
1471.199  25.598
1471.464  25.598
1471.729  25.598
1471.994  25.598
1472.260  25.598
1472.509  25.598
1472.774  25.598
1473.040  25.598
1473.305  25.504
1473.570  25.504
1473.820  25.504
1474.085  25.504
1474.350  25.504
1474.615  25.504
1474.880  25.504
1475.146  25.504
1475.395  25.504
1475.660  25.504
1475.926  25.504
1476.191  25.647
1476.456  25.647
1476.721  25.647
1476.971  25.647
1477.236  25.647
1477.501  25.647
1477.766  25.647
1478.032  25.647
1478.297  25.647
1478.562  25.647
1478.812  25.647
1479.077  25.519
1479.342  25.519
1479.607  25.519
1479.872  25.519
1480.138  25.519
1480.387  25.519
1480.652  25.519
1480.918  25.519
1481.183  25.519
1481.448  25.519
1481.713  25.519
1481.978  25.500
1482.244  25.500
1482.493  25.500
1482.758  25.500
1483.024  25.500
1483.289  25.500
1483.554  25.500
1483.819  25.500
1484.084  25.500
1484.350  25.500
1484.615  25.500
1484.880  25.479
1485.130  25.479
1485.395  25.479
1485.660  25.479
1485.925  25.479
1486.190  25.479
1486.456  25.479
1486.721  25.479
1486.986  25.479
1487.251  25.479
1487.501  25.479
1487.766  25.427
1488.031  25.427
1488.296  25.427
1488.562  25.427
1488.827  25.427
1489.092  25.427
1489.357  25.427
1489.607  25.427
1489.872  25.427
1490.137  25.427
1490.402  25.427
1490.668  25.427
1490.933  25.427
1491.198  25.427
1491.463  25.427
1491.728  25.427
1491.978  25.427
1492.243  25.427
1492.508  25.427
1492.774  25.333
1493.039  25.333
1493.304  25.333
1493.569  25.333
1493.834  25.333
1494.100  25.333
1494.365  25.333
1494.630  25.333
1494.880  25.333
1495.145  25.333
1495.410  25.333
1495.675  25.345
1495.940  25.345
1496.206  25.345
1496.471  25.345
1496.736  25.345
1497.001  25.345
1497.266  25.345
1497.516  25.345
1497.781  25.345
1498.046  25.345
1498.312  25.345
1498.577  25.250
1498.842  25.250
1499.107  25.250
1499.372  25.250
1499.638  25.250
1499.903  25.250
1500.168  25.250
1500.433  25.250
1500.698  25.250
1500.964  25.250
1501.229  25.250
1501.494  25.235
1501.759  25.235
1502.024  25.235
1502.290  25.235
1502.555  25.235
1502.820  25.235
1503.085  25.235
1503.351  25.235
1503.616  25.235
1503.881  25.235
1504.146  25.235
1504.411  25.095
1504.677  25.095
1504.942  25.095
1505.207  25.095
1505.472  25.095
1505.737  25.095
1506.003  25.095
1506.268  25.095
1506.533  25.095
1506.798  25.095
1507.048  25.095
1507.313  25.165
1507.578  25.165
1507.843  25.165
1508.109  25.165
1508.374  25.165
1508.655  25.165
1508.920  25.165
1509.185  25.165
1509.450  25.165
1509.715  25.165
1509.981  25.165
1510.246  25.003
1510.511  25.003
1510.776  25.003
1511.041  25.003
1511.307  25.003
1511.572  25.003
1511.837  25.003
1512.102  25.003
1512.367  25.003
1512.633  25.003
1512.898  25.003
1513.163  24.875
1513.428  24.875
1513.693  24.875
1513.959  24.875
1514.224  24.875
1514.489  24.875
1514.754  24.875
1515.019  24.875
1515.285  24.875
1515.550  24.875
1515.815  24.875
1516.080  24.875
1516.345  24.875
1516.611  24.875
1516.876  24.875
1517.141  24.875
1517.406  24.875
1517.671  24.878
1517.937  24.878
1518.202  24.878
1518.467  24.878
1518.732  24.878
1519.013  24.878
1519.278  24.878
1519.543  24.878
1519.809  24.878
1520.074  24.878
1520.339  24.878
1520.604  24.701
1520.869  24.701
1521.135  24.701
1521.400  24.701
1521.665  24.701
1521.930  24.701
1522.195  24.701
1522.461  24.701
1522.726  24.701
1522.991  24.701
1523.256  24.701
1523.537  24.609
1523.802  24.609
1524.067  24.609
1524.333  24.609
1524.598  24.609
1524.863  24.609
1525.128  24.609
1525.393  24.609
1525.659  24.609
1525.924  24.609
1526.189  24.609
1526.454  24.640
1526.719  24.640
1527.000  24.640
1527.265  24.640
1527.531  24.640
1527.796  24.640
1528.061  24.640
1528.326  24.640
1528.591  24.640
1528.857  24.640
1529.122  24.640
1529.387  24.640
1529.652  24.640
1529.933  24.512
1530.198  24.512
1530.463  24.512
1530.729  24.512
1530.994  24.512
1531.259  24.512
1531.524  24.512
1531.789  24.512
1532.055  24.512
1532.320  24.512
1532.601  24.512
1532.866  24.417
1533.131  24.417
1533.396  24.417
1533.661  24.417
1533.927  24.417
1534.192  24.417
1534.473  24.417
1534.738  24.417
1535.003  24.417
1535.268  24.417
1535.534  24.417
1535.799  24.411
1536.064  24.411
1536.345  24.411
1536.610  24.411
1536.875  24.411
1537.140  24.411
1537.406  24.411
1537.686  24.411
1537.952  24.411
1538.217  24.411
1538.482  24.411
1538.747  24.390
1539.012  24.390
1539.278  24.390
1539.558  24.390
1539.824  24.390
1540.089  24.390
1540.354  24.390
1540.619  24.390
1540.884  24.390
1541.150  24.390
1541.430  24.390
1541.696  24.295
1541.961  24.295
1542.226  24.295
1542.491  24.295
1542.772  24.295
1543.037  24.295
1543.302  24.295
1543.568  24.295
1543.833  24.295
1544.098  24.295
1544.379  24.295
1544.644  24.271
1544.909  24.271
1545.174  24.271
1545.455  24.271
1545.720  24.271
1545.986  24.271
1546.251  24.271
1546.516  24.271
1546.781  24.271
1547.062  24.271
1547.327  24.271
1547.592  24.216
1547.858  24.216
1548.138  24.216
1548.404  24.216
1548.669  24.216
1548.934  24.216
1549.199  24.216
1549.480  24.216
1549.745  24.216
1550.010  24.216
1550.276  24.216
1550.541  24.207
1550.822  24.207
1551.087  24.207
1551.352  24.207
1551.617  24.207
1551.898  24.207
1552.163  24.207
1552.428  24.207
1552.694  24.207
1552.974  24.207
1553.240  24.207
1553.505  24.258
1553.770  24.258
1554.035  24.258
1554.316  24.258
1554.581  24.258
1554.846  24.258
1555.127  24.258
1555.392  24.258
1555.658  24.258
1555.923  24.258
1556.204  24.258
1556.469  24.255
1556.734  24.255
1556.999  24.255
1557.280  24.255
1557.545  24.255
1557.810  24.255
1558.076  24.255
1558.356  24.255
1558.622  24.255
1558.887  24.255
1559.152  24.255
1559.433  24.274
1559.698  24.274
1559.963  24.274
1560.228  24.274
1560.509  24.274
1560.774  24.274
1561.040  24.274
1561.305  24.274
1561.586  24.274
1561.851  24.274
1562.116  24.274
1562.381  24.277
1562.662  24.277
1562.927  24.277
1563.192  24.277
1563.473  24.277
1563.738  24.277
1564.004  24.277
1564.269  24.277
1564.550  24.277
1564.815  24.277
1565.080  24.277
1565.361  24.252
1565.626  24.252
1565.891  24.252
1566.157  24.252
1566.437  24.252
1566.703  24.252
1566.968  24.252
1567.249  24.252
1567.514  24.252
1567.779  24.252
1568.060  24.252
1568.325  24.277
1568.590  24.277
1568.871  24.277
1569.136  24.277
1569.401  24.277
1569.682  24.277
1569.947  24.277
1570.213  24.277
1570.493  24.277
1570.759  24.277
1571.024  24.277
1571.305  24.304
1571.570  24.304
1571.835  24.304
1572.116  24.304
1572.381  24.304
1572.646  24.304
1572.927  24.304
1573.192  24.304
1573.457  24.304
1573.738  24.304
1574.003  24.304
1574.269  24.496
1574.549  24.496
1574.815  24.496
1575.080  24.496
1575.361  24.496
1575.626  24.496
1575.891  24.496
1576.172  24.496
1576.437  24.496
1576.702  24.496
1576.983  24.496
1577.248  24.677
1577.513  24.677
1577.794  24.677
1578.059  24.677
1578.325  24.677
1578.605  24.677
1578.871  24.677
1579.136  24.677
1579.417  24.677
1579.682  24.677
1579.963  24.677
1580.228  24.924
1580.509  24.924
1580.774  24.924
1581.039  24.924
1581.320  24.924
1581.585  24.924
1581.850  24.924
1582.131  24.924
1582.396  24.924
1582.677  24.924
1582.942  24.924
1583.207  25.134
1583.488  25.134
1583.753  25.134
1584.034  25.134
1584.299  25.134
1584.565  25.134
1584.845  25.134
1585.111  25.134
1585.391  25.134
1585.657  25.134
1585.922  25.134
1586.203  25.330
1586.468  25.330
1586.749  25.330
1587.014  25.330
1587.295  25.330
1587.560  25.330
1587.825  25.330
1588.106  25.330
1588.371  25.330
1588.652  25.330
1588.917  25.330
1589.198  25.455
1589.463  25.455
1589.744  25.455
1590.009  25.455
1590.274  25.455
1590.555  25.455
1590.820  25.455
1591.101  25.455
1591.366  25.455
1591.647  25.455
1591.912  25.455
1592.193  25.458
1592.458  25.458
1592.739  25.458
1593.004  25.458
1593.285  25.458
1593.550  25.458
1593.815  25.458
1594.096  25.458
1594.361  25.458
1594.642  25.458
1594.907  25.458
1595.188  25.519
1595.453  25.519
1595.734  25.519
1595.999  25.519
1596.280  25.519
1596.546  25.519
1596.826  25.519
1597.092  25.519
1597.357  25.519
1597.638  25.519
1597.903  25.519
1598.184  25.656
1598.449  25.656
1598.730  25.656
1598.995  25.656
1599.276  25.656
1599.541  25.656
1599.822  25.656
1600.087  25.656
1600.368  25.656
1600.633  25.656
1600.914  25.656
1601.179  25.626
1601.460  25.626
1601.725  25.626
1602.006  25.626
1602.271  25.626
1602.552  25.626
1602.817  25.626
1603.098  25.626
1603.363  25.626
1603.644  25.626
1603.909  25.626
1604.190  25.638
1604.455  25.638
1604.736  25.638
1605.001  25.638
1605.282  25.638
1605.547  25.638
1605.828  25.638
1606.093  25.638
1606.374  25.638
1606.639  25.638
1606.920  25.638
1607.185  25.638
1607.466  25.638
1607.731  25.638
1608.012  25.638
1608.277  25.638
1608.558  25.757
1608.838  25.757
1609.104  25.757
1609.384  25.757
1609.650  25.757
1609.930  25.757
1610.196  25.757
1610.476  25.757
1610.742  25.757
1611.022  25.757
1611.303  25.757
1611.568  25.757
1611.849  25.757
1612.114  25.757
1612.395  25.757
1612.660  25.757
1612.941  25.757
1613.222  25.757
1613.487  25.757
1613.768  25.757
1614.033  25.757
1614.314  25.757
1614.579  25.732
1614.860  25.732
1615.141  25.732
1615.406  25.732
1615.687  25.732
1615.952  25.732
1616.233  25.732
1616.498  25.732
1616.779  25.732
1617.060  25.732
1617.325  25.732
1617.606  25.699
1617.871  25.699
1618.152  25.699
1618.417  25.699
1618.698  25.699
1618.978  25.699
1619.244  25.699
1619.524  25.699
1619.790  25.699
1620.070  25.699
1620.336  25.699
1620.616  25.818
1620.897  25.818
1621.162  25.818
1621.443  25.818
1621.708  25.818
1621.989  25.818
1622.270  25.818
1622.535  25.818
1622.816  25.818
1623.081  25.818
1623.362  25.818
1623.643  25.757
1623.908  25.757
1624.189  25.757
1624.470  25.757
1624.735  25.757
1625.016  25.757
1625.296  25.757
1625.562  25.757
1625.842  25.757
1626.108  25.757
1626.388  25.757
1626.669  25.757
1626.934  25.757
1627.215  25.757
1627.496  25.757
1627.761  25.757
1628.042  25.735
1628.307  25.735
1628.588  25.735
1628.869  25.735
1629.134  25.735
1629.415  25.735
1629.680  25.735
1629.961  25.735
1630.242  25.735
1630.507  25.735
1630.788  25.735
1631.069  25.809
1631.334  25.809
1631.615  25.809
1631.895  25.809
1632.161  25.809
1632.441  25.809
1632.722  25.809
1632.987  25.809
1633.268  25.809
1633.549  25.809
1633.814  25.809
1634.095  25.812
1634.376  25.812
1634.641  25.812
1634.922  25.812
1635.203  25.812
1635.468  25.812
1635.749  25.812
1636.029  25.812
1636.295  25.812
1636.575  25.812
1636.856  25.812
1637.121  25.812
1637.402  25.812
1637.683  25.812
1637.964  25.812
1638.229  25.812
1638.510  25.812
1638.791  25.830
1639.056  25.830
1639.337  25.830
1639.617  25.830
1639.883  25.830
1640.163  25.830
1640.444  25.830
1640.709  25.830
1640.990  25.830
1641.271  25.830
1641.552  25.830
1641.817  25.851
1642.098  25.851
1642.379  25.851
1642.659  25.851
1642.925  25.851
1643.205  25.851
1643.486  25.851
1643.751  25.851
1644.032  25.851
1644.313  25.851
1644.594  25.851
1644.859  25.873
1645.140  25.873
1645.421  25.873
1645.701  25.873
1645.967  25.873
1646.247  25.873
1646.528  25.873
1646.809  25.873
1647.074  25.873
1647.355  25.873
1647.636  25.873
1647.901  25.842
1648.182  25.842
1648.463  25.842
1648.743  25.842
1649.009  25.842
1649.289  25.842
1649.570  25.842
1649.851  25.842
1650.116  25.842
1650.397  25.842
1650.678  25.842
1650.959  25.873
1651.224  25.873
1651.505  25.873
1651.785  25.873
1652.051  25.873
1652.331  25.873
1652.612  25.873
1652.893  25.873
1653.158  25.873
1653.439  25.873
1653.720  25.873
1654.001  25.873
1654.281  25.757
1654.547  25.757
1654.827  25.757
1655.108  25.757
1655.389  25.757
1655.670  25.757
1655.935  25.757
1656.216  25.757
1656.497  25.757
1656.777  25.757
1657.058  25.757
1657.323  25.870
1657.604  25.870
1657.885  25.870
1658.166  25.870
1658.447  25.870
1658.728  25.870
1658.993  25.870
1659.274  25.870
1659.554  25.870
1659.835  25.870
1660.116  25.870
1660.397  25.851
1660.662  25.851
1660.943  25.851
1661.224  25.851
1661.504  25.851
1661.785  25.851
1662.066  25.851
1662.347  25.851
1662.612  25.851
1662.893  25.851
1663.174  25.851
1663.454  25.854
1663.735  25.854
1664.016  25.854
1664.297  25.854
1664.578  25.854
1664.843  25.854
1665.124  25.854
1665.404  25.854
1665.685  25.854
1665.966  25.854
1666.247  25.854
1666.528  25.882
1666.808  25.882
1667.074  25.882
1667.354  25.882
1667.635  25.882
1667.916  25.882
1668.197  25.882
1668.478  25.882
1668.758  25.882
1669.039  25.882
1669.320  25.882
1669.585  25.894
1669.866  25.894
1670.147  25.894
1670.428  25.894
1670.708  25.894
1670.989  25.894
1671.270  25.894
1671.535  25.894
1671.816  25.894
1672.097  25.894
1672.378  25.894
1672.658  25.894
1672.939  25.894
1673.220  25.894
1673.501  25.894
1673.782  25.894
1674.047  25.894
1674.328  25.894
1674.608  25.894
1674.889  25.894
1675.170  25.894
1675.451  25.836
1675.732  25.836
1676.012  25.836
1676.278  25.836
1676.558  25.836
1676.839  25.836
1677.120  25.836
1677.401  25.836
1677.682  25.836
1677.962  25.836
1678.243  25.836
1678.524  25.818
1678.805  25.818
1679.086  25.818
1679.351  25.818
1679.632  25.818
1679.912  25.818
1680.193  25.818
1680.474  25.818
1680.755  25.818
1681.036  25.818
1681.316  25.818
1681.597  25.861
1681.862  25.861
1682.143  25.861
1682.424  25.861
1682.705  25.861
1682.986  25.861
1683.266  25.861
1683.547  25.861
1683.828  25.861
