15.219  2936.714
15.266  2932.286
15.313  2945.286
15.359  2941.857
15.406  2933.714
15.453  2946.143
15.484  2962.714
15.516  2963.143
15.547  2961.143
15.578  2966.286
15.609  2963.714
15.656  2961.286
15.703  2959.571
15.750  2959.571
15.781  2961.286
15.844  2964.143
15.891  2963.714
15.938  2963.000
15.969  2962.000
16.000  2961.714
16.031  2959.143
16.063  2961.286
16.109  2964.143
16.156  2964.143
16.203  2961.286
16.234  2959.143
16.266  2961.286
16.313  2964.143
16.344  2963.714
16.375  2962.571
16.422  2963.286
16.453  2965.429
16.484  2965.000
16.547  2965.429
16.594  2963.714
16.641  2960.857
16.672  2961.286
16.719  2962.000
16.766  2963.429
16.813  2962.000
16.859  2961.714
16.906  2959.571
16.953  2960.000
16.984  2960.000
17.031  2960.000
17.063  2960.000
17.094  2960.000
17.125  2959.571
17.188  2961.286
17.234  2964.143
17.281  2964.143
17.328  2961.286
17.375  2959.571
17.422  2960.000
17.469  2960.000
17.500  2960.000
17.531  2960.000
17.563  2960.000
17.609  2960.000
17.656  2960.000
17.703  2960.000
17.734  2960.000
17.766  2960.000
17.813  2960.000
17.875  2960.000
17.922  2960.000
17.969  2960.000
18.016  2960.000
18.047  2960.000
18.078  2960.000
18.109  2960.000
18.156  2960.000
18.203  2960.000
18.250  2960.000
18.281  2960.000
18.328  2960.000
18.375  2960.000
18.422  2960.000
18.453  2960.000
18.484  2960.000
18.547  2960.000
18.594  2960.000
18.641  2960.000
18.688  2960.000
18.734  2960.000
18.766  2960.000
18.797  2960.000
18.828  2960.000
18.859  2960.000
18.891  2960.000
18.938  2960.000
18.984  2960.000
19.031  2960.000
19.078  2960.000
19.125  2960.000
19.172  2960.000
19.234  2960.000
19.281  2960.000
19.328  2960.000
19.375  2960.000
19.422  2960.000
19.453  2960.000
19.484  2960.000
19.531  2960.000
19.578  2960.000
19.625  2960.000
19.672  2960.000
19.719  2960.000
19.766  2960.000
19.813  2960.000
19.875  2960.000
19.906  2960.000
19.938  2960.000
19.969  2960.000
20.000  2960.000
20.031  2960.000
20.063  2960.000
20.094  2960.000
20.141  2960.000
20.188  2960.000
20.234  2960.000
20.281  2960.000
20.313  2960.000
20.344  2960.000
20.375  2960.000
20.406  2960.000
20.453  2960.000
20.500  2960.000
20.531  2960.000
20.578  2960.000
20.625  2960.000
20.656  2960.000
20.688  2960.000
20.719  2960.000
20.750  2960.000
20.781  2960.000
20.813  2960.000
20.844  2960.000
20.891  2960.000
20.938  2960.000
20.969  2960.000
21.000  2960.000
21.047  2960.000
21.094  2960.000
21.141  2960.000
21.188  2960.000
21.250  2960.000
21.297  2960.000
21.344  2960.000
21.375  2960.000
21.422  2960.000
21.469  2960.000
21.516  2960.000
21.547  2960.000
21.578  2960.000
21.609  2960.000
21.641  2960.000
21.688  2960.000
21.719  2960.000
21.766  2960.000
21.813  2960.000
21.859  2960.000
21.922  2960.000
21.969  2960.000
22.000  2960.000
22.031  2960.000
22.063  2960.000
22.094  2960.000
22.141  2960.000
22.188  2960.000
22.219  2960.000
22.266  2960.000
22.313  2960.000
22.359  2960.000
22.406  2960.000
22.453  2960.000
22.500  2960.000
22.531  2960.000
22.578  2960.000
22.625  2960.000
22.672  2960.000
22.719  2960.000
22.766  2960.000
22.813  2960.000
22.859  2960.000
22.906  2960.000
22.953  2960.000
23.000  2960.000
23.031  2960.000
23.078  2960.000
23.125  2960.000
23.156  2960.000
23.203  2960.000
23.234  2960.000
23.297  2960.000
23.344  2960.000
23.375  2960.000
23.422  2960.000
23.469  2960.000
23.500  2960.000
23.531  2960.000
23.563  2960.000
23.609  2960.000
23.656  2960.000
23.703  2960.000
23.734  2960.000
23.766  2960.000
23.797  2960.000
23.828  2960.000
23.859  2960.000
23.891  2960.000
23.922  2960.000
23.969  2960.000
24.000  2960.000
24.031  2960.000
24.063  2960.429
24.094  2958.286
24.141  2957.571
24.188  2958.286
24.219  2960.857
24.250  2958.286
24.297  2957.571
24.344  2958.286
24.391  2960.429
24.438  2960.429
24.484  2958.286
24.531  2957.571
24.578  2958.714
24.641  2958.714
24.688  2957.571
24.734  2958.714
24.781  2959.143
24.813  2956.286
24.844  2954.143
24.891  2956.286
24.938  2958.714
24.984  2960.857
25.031  2958.714
25.078  2955.857
25.125  2956.286
25.172  2957.000
25.219  2958.000
25.266  2958.714
25.313  2959.143
25.344  2956.286
25.375  2954.571
25.406  2955.000
25.438  2955.000
25.484  2955.000
25.531  2955.000
25.578  2955.000
25.625  2955.000
25.656  2955.000
25.688  2955.000
25.719  2955.000
25.750  2955.000
25.781  2955.000
25.828  2955.000
25.875  2955.000
25.922  2955.000
25.969  2954.571
26.031  2956.286
26.078  2959.143
26.109  2959.143
26.141  2956.286
26.188  2954.571
26.234  2955.000
26.281  2955.000
26.328  2955.000
26.375  2955.000
26.422  2955.000
26.469  2955.000
26.516  2955.000
26.563  2955.000
26.609  2955.000
26.672  2955.000
26.719  2955.000
26.766  2955.000
26.813  2955.000
26.859  2955.000
26.906  2955.000
26.938  2955.000
26.969  2955.000
27.016  2955.000
27.063  2955.000
27.094  2955.000
27.125  2955.000
27.156  2955.000
27.203  2955.000
27.250  2955.000
27.297  2955.000
27.359  2955.000
27.406  2955.000
27.438  2955.000
27.469  2955.000
27.500  2955.000
27.531  2955.000
27.578  2955.000
27.625  2955.000
27.656  2955.000
27.688  2955.000
27.734  2955.000
27.781  2955.000
27.813  2955.000
27.859  2955.000
27.906  2955.000
27.953  2955.000
28.016  2955.000
28.063  2955.000
28.094  2955.000
28.125  2955.000
28.172  2955.000
28.219  2955.000
28.266  2955.429
28.297  2953.286
28.344  2952.571
28.391  2953.286
28.438  2955.429
28.484  2955.000
28.531  2955.000
28.563  2955.000
28.594  2955.000
28.625  2955.000
28.672  2955.000
28.734  2955.000
28.781  2955.000
28.813  2955.000
28.844  2955.000
28.875  2955.000
28.906  2955.000
28.938  2955.000
28.969  2955.000
29.000  2955.000
29.047  2955.000
29.094  2955.000
29.141  2955.000
29.172  2955.000
29.219  2955.000
29.266  2955.000
29.313  2955.000
29.375  2955.000
29.422  2955.000
29.469  2955.000
29.500  2955.000
29.547  2955.000
29.594  2955.000
29.641  2955.000
29.688  2955.000
29.719  2955.000
29.750  2955.000
29.797  2955.000
29.828  2955.000
29.859  2955.000
29.906  2955.000
29.938  2955.000
29.984  2955.000
30.047  2955.000
30.094  2955.000
30.141  2955.000
30.188  2955.000
30.234  2955.000
30.266  2955.000
30.313  2955.000
30.359  2955.000
30.406  2955.000
30.453  2955.000
30.500  2955.000
30.547  2955.000
30.594  2955.000
30.641  2955.000
30.688  2955.000
30.750  2955.000
30.797  2955.000
30.844  2955.000
30.891  2955.000
30.938  2955.429
30.984  2953.286
31.016  2952.571
31.047  2953.714
31.078  2953.714
31.125  2953.000
31.172  2951.571
31.203  2953.429
31.234  2951.571
31.281  2953.000
31.328  2953.286
31.359  2955.429
31.406  2955.000
31.453  2955.000
31.500  2955.000
31.547  2955.429
31.594  2953.286
31.641  2953.000
31.688  2951.571
31.734  2953.429
31.781  2951.571
31.828  2953.000
31.875  2953.286
31.922  2955.857
31.969  2953.714
32.016  2951.286
32.078  2949.571
32.125  2950.000
32.172  2949.571
32.219  2951.286
32.266  2953.714
32.313  2955.429
32.359  2955.000
32.406  2955.000
32.453  2955.000
32.500  2955.000
32.547  2955.000
32.594  2955.000
32.641  2955.429
32.688  2953.714
32.734  2951.286
32.797  2949.571
32.844  2949.571
32.891  2951.286
32.938  2954.143
32.984  2954.143
33.031  2951.286
33.078  2949.143
33.125  2951.714
33.172  2952.429
33.203  2951.286
33.250  2951.286
33.297  2952.429
33.344  2951.714
33.375  2949.571
33.438  2950.000
33.484  2950.000
33.516  2950.000
33.563  2950.000
33.609  2950.000
33.656  2950.000
33.703  2950.000
33.750  2950.000
33.797  2950.000
33.844  2950.000
33.891  2950.000
33.938  2950.000
33.984  2950.000
34.031  2950.000
34.078  2949.571
34.141  2951.714
34.188  2952.429
34.234  2951.714
34.281  2949.571
34.328  2950.000
34.375  2950.000
34.422  2950.000
34.469  2950.000
34.500  2949.571
34.547  2951.714
34.594  2952.429
34.625  2951.714
34.672  2949.571
34.719  2950.000
34.781  2950.000
34.828  2950.000
34.875  2950.000
34.922  2950.000
34.969  2950.000
35.016  2950.000
35.063  2950.000
35.109  2950.000
35.156  2950.000
35.203  2950.000
35.250  2950.000
35.297  2950.000
35.344  2950.000
35.391  2950.000
35.438  2950.000
35.500  2950.000
35.531  2950.000
35.563  2949.571
35.594  2951.714
35.641  2952.429
35.688  2951.714
35.719  2949.571
35.766  2950.000
35.813  2950.000
35.844  2950.000
35.875  2950.000
35.922  2950.000
35.969  2950.000
36.016  2950.000
36.063  2950.000
36.109  2950.000
36.172  2950.000
36.219  2950.000
36.266  2950.000
36.313  2950.000
36.359  2950.000
36.406  2950.000
36.453  2950.000
36.500  2950.000
36.547  2950.000
36.594  2950.000
36.641  2950.000
36.688  2950.000
36.734  2950.000
36.781  2950.000
36.844  2950.000
36.891  2950.000
36.938  2950.000
36.984  2950.000
37.031  2950.000
37.063  2950.000
37.109  2950.000
37.156  2950.000
37.203  2950.000
37.250  2950.000
37.281  2950.000
37.328  2950.000
37.375  2950.000
37.422  2950.000
37.469  2950.000
37.531  2950.000
37.578  2950.000
37.625  2950.000
37.672  2950.000
37.719  2950.000
37.766  2950.000
37.813  2950.000
37.859  2950.000
37.906  2950.000
37.953  2950.000
38.000  2950.000
38.047  2950.000
38.094  2950.000
38.141  2950.000
38.203  2950.000
38.250  2950.000
38.297  2950.000
38.344  2950.000
38.391  2950.000
38.438  2950.000
38.484  2950.000
38.531  2950.000
38.594  2950.000
38.641  2950.000
38.688  2950.000
38.734  2950.429
38.781  2948.714
38.844  2945.857
38.891  2945.857
38.938  2949.143
39.000  2949.143
39.047  2945.857
39.094  2946.286
39.141  2947.000
39.188  2948.000
39.234  2948.286
39.281  2950.429
39.328  2950.000
39.375  2950.000
39.422  2950.000
39.469  2950.000
39.531  2950.429
39.578  2948.286
39.625  2948.000
39.688  2946.571
39.719  2948.429
39.766  2946.571
39.813  2948.000
39.859  2948.714
39.906  2948.714
39.953  2947.571
40.000  2948.714
40.047  2949.143
40.094  2946.286
40.141  2944.571
48.781  2916.000
48.828  2911.857
48.875  2915.429
48.938  2924.857
49.000  2920.000
74.828  2896.429
74.875  2892.143
74.922  2904.000
74.984  2921.429
75.047  2936.143
75.094  2942.857
75.156  2938.857
75.219  2939.571
75.266  2942.429
75.313  2943.000
75.359  2943.714
75.438  2944.143
75.484  2941.286
75.531  2939.571
75.578  2940.000
75.625  2940.000
75.672  2940.000
75.719  2939.571
75.766  2941.286
75.813  2943.714
75.859  2945.429
75.906  2945.000
75.969  2945.429
76.016  2943.714
76.063  2940.857
76.125  2940.857
76.172  2944.143
76.219  2943.714
76.266  2942.571
76.328  2943.714
76.391  2943.714
76.453  2942.571
76.516  2943.286
76.563  2945.429
76.609  2945.429
76.656  2943.714
76.703  2941.286
76.750  2939.571
76.813  2940.000
76.859  2939.571
76.906  2941.286
76.953  2943.714
77.016  2945.857
77.078  2943.714
77.141  2941.286
77.203  2939.571
77.250  2939.571
77.313  2941.714
77.375  2942.429
77.453  2941.286
77.500  2940.857
77.563  2943.714
77.609  2945.429
77.656  2945.000
77.703  2945.429
77.750  2943.286
77.797  2943.000
77.844  2941.571
77.891  2943.000
77.938  2943.714
77.984  2943.714
78.031  2942.571
78.078  2943.286
78.156  2945.429
78.219  2945.000
78.281  2945.429
78.344  2943.286
78.406  2942.571
78.453  2943.286
78.516  2945.857
78.578  2943.286
78.625  2943.000
78.672  2941.571
78.719  2943.429
78.797  2941.571
78.859  2943.429
78.906  2942.000
78.953  2941.286
79.000  2940.857
79.047  2943.714
79.094  2945.857
79.141  2943.714
79.203  2941.286
79.266  2939.143
79.328  2941.714
79.391  2942.000
79.438  2943.000
79.516  2943.286
79.578  2945.429
79.641  2945.000
79.688  2945.000
79.750  2945.000
79.813  2945.000
79.875  2945.000
79.922  2945.429
79.969  2943.286
80.016  2942.571
80.063  2943.286
80.109  2945.429
80.172  2945.000
80.219  2945.000
80.266  2945.000
80.328  2945.000
80.391  2945.000
80.438  2945.000
80.484  2945.000
80.547  2945.000
80.594  2945.000
80.641  2945.429
80.703  2943.714
80.766  2941.286
80.828  2939.571
80.875  2940.000
80.938  2940.000
81.000  2940.000
81.047  2940.000
81.094  2940.000
81.141  2940.000
81.188  2940.000
81.250  2940.000
81.297  2939.571
81.344  2941.714
81.391  2942.000
81.438  2943.000
81.484  2943.286
81.547  2945.857
81.594  2943.286
81.641  2942.571
81.688  2943.286
81.734  2945.429
81.797  2945.000
81.844  2945.000
81.891  2945.000
81.938  2945.429
81.984  2943.714
82.031  2940.857
82.078  2940.857
82.141  2943.714
82.203  2945.429
82.250  2945.000
82.297  2945.000
82.344  2945.000
82.391  2945.000
82.438  2945.429
82.500  2943.286
82.563  2942.571
82.625  2943.286
82.672  2945.429
82.734  2945.429
82.797  2943.286
82.859  2942.571
82.938  2943.286
83.000  2945.429
83.047  2945.429
83.094  2943.286
83.156  2943.000
83.219  2941.571
83.281  2943.429
83.344  2942.000
83.391  2941.286
83.453  2941.286
83.516  2942.429
83.594  2941.286
83.656  2940.857
83.719  2944.143
83.766  2943.714
83.813  2942.571
83.859  2943.286
83.906  2945.429
83.953  2945.429
84.000  2943.714
84.047  2941.286
84.094  2939.143
84.156  2941.714
84.219  2942.429
84.297  2941.286
84.344  2940.857
84.391  2944.143
84.438  2944.143
84.484  2940.857
84.531  2940.857
84.578  2944.143
84.641  2944.143
84.703  2941.286
84.750  2939.571
84.813  2939.571
84.875  2941.714
84.953  2942.429
85.000  2941.714
85.047  2939.143
85.094  2941.286
85.141  2943.714
85.203  2945.857
85.250  2943.714
85.297  2941.286
85.359  2939.571
85.422  2939.571
85.469  2941.714
85.516  2942.000
85.563  2943.000
85.625  2943.714
85.672  2943.714
85.719  2942.571
85.781  2943.714
85.844  2943.714
85.906  2943.000
85.953  2941.571
86.016  2943.000
86.078  2943.714
86.125  2943.714
86.172  2942.571
86.219  2943.714
86.281  2943.714
86.328  2942.571
86.375  2943.286
86.422  2945.429
86.469  2945.429
86.531  2943.286
86.578  2943.000
86.641  2941.571
86.688  2943.000
86.734  2943.714
86.781  2944.143
86.844  2941.286
86.906  2939.571
86.984  2939.571
87.031  2941.286
87.094  2944.143
87.141  2943.714
87.188  2943.000
87.234  2941.571
87.281  2943.429
87.328  2941.571
87.375  2943.000
87.422  2943.286
87.484  2945.857
87.547  2943.286
87.625  2943.000
87.672  2941.571
87.719  2943.000
87.766  2943.714
87.813  2943.714
87.875  2943.000
87.922  2941.571
87.969  2943.429
88.016  2941.571
88.078  2943.429
88.141  2941.571
88.203  2943.000
88.266  2943.714
88.344  2943.714
88.391  2943.000
88.453  2942.000
88.516  2941.286
88.578  2940.857
88.625  2944.143
88.672  2944.143
88.719  2941.286
88.766  2939.571
88.813  2939.571
88.859  2941.714
88.906  2942.429
88.969  2941.714
89.016  2939.571
89.078  2940.000
89.125  2940.000
89.172  2939.571
89.219  2941.714
89.266  2942.429
89.313  2941.714
89.359  2939.143
89.406  2941.714
89.453  2942.429
89.500  2941.714
89.547  2939.571
89.594  2940.000
89.656  2940.000
89.703  2939.571
89.750  2941.714
89.797  2942.429
89.844  2941.714
89.891  2939.571
89.953  2940.000
90.016  2940.000
90.063  2940.000
90.109  2940.000
90.156  2940.000
90.219  2940.000
90.281  2940.000
90.344  2940.000
90.391  2940.000
90.438  2940.000
90.484  2940.000
90.531  2940.000
90.578  2940.000
90.625  2940.000
90.672  2940.000
90.734  2940.000
90.781  2940.000
90.828  2940.000
90.891  2940.000
90.953  2940.000
91.031  2940.000
91.094  2940.000
91.156  2940.000
91.219  2940.000
91.281  2940.000
91.328  2940.000
91.375  2940.000
91.438  2940.000
91.484  2940.000
91.531  2940.000
91.594  2940.000
91.656  2940.000
91.719  2940.000
91.766  2940.000
91.813  2940.000
91.859  2940.000
91.906  2940.000
91.969  2940.000
92.016  2940.000
92.063  2940.000
92.109  2940.000
92.172  2940.000
92.219  2940.000
92.281  2940.000
92.375  2940.000
92.422  2940.000
92.469  2940.000
92.531  2940.000
92.578  2940.000
92.625  2940.000
92.688  2940.000
92.734  2940.000
92.781  2940.000
92.828  2940.000
92.891  2940.000
92.938  2940.000
93.000  2940.000
93.078  2940.000
93.141  2940.000
93.188  2940.000
93.234  2940.000
93.281  2940.000
93.344  2940.000
93.391  2940.000
93.438  2940.000
93.484  2940.000
93.531  2940.000
93.594  2940.000
93.656  2940.000
93.750  2940.000
93.797  2940.000
93.844  2940.000
93.891  2940.000
93.938  2940.000
93.984  2940.000
94.031  2940.429
94.078  2938.286
94.125  2937.571
94.172  2938.286
94.219  2940.857
94.266  2938.286
94.328  2938.000
94.391  2936.571
94.438  2938.000
94.484  2938.286
94.547  2940.429
94.594  2940.000
94.641  2940.000
94.688  2940.000
94.734  2940.000
94.781  2940.000
94.828  2940.000
94.891  2940.429
94.953  2938.286
95.016  2937.571
95.094  2938.286
95.141  2940.429
95.188  2940.429
95.234  2938.286
95.281  2937.571
95.344  2938.286
95.406  2940.429
95.469  2940.429
95.531  2938.714
95.578  2935.857
95.625  2935.857
95.672  2938.714
95.750  2940.429
95.813  2940.000
95.875  2940.000
95.922  2940.429
95.969  2938.714
96.016  2935.857
96.063  2935.857
96.109  2938.714
96.156  2940.429
96.203  2940.429
96.250  2938.714
96.297  2935.857
96.344  2936.286
96.406  2937.000
96.469  2938.429
96.531  2937.000
96.594  2936.714
96.641  2934.571
96.688  2935.000
96.734  2935.000
96.781  2935.000
96.828  2934.571
96.875  2936.714
96.938  2937.429
97.000  2936.714
97.047  2934.571
97.109  2934.571
97.156  2936.714
97.219  2937.429
97.266  2936.714
97.328  2934.571
97.406  2935.000
97.453  2934.571
97.500  2936.286
97.563  2939.143
97.625  2938.714
97.688  2937.571
97.766  2938.714
97.813  2938.714
97.875  2937.571
97.922  2938.714
97.969  2938.714
98.016  2937.571
98.078  2938.714
98.125  2939.143
98.188  2936.286
98.250  2934.143
98.297  2936.714
98.344  2937.000
98.391  2938.429
98.453  2936.571
98.500  2938.000
98.563  2938.714
98.609  2939.143
98.656  2936.286
98.703  2934.571
98.750  2935.000
98.797  2934.571
98.875  2936.286
98.922  2938.714
98.969  2940.857
99.016  2938.286
99.078  2937.571
99.141  2938.286
99.203  2940.857
99.266  2938.286
99.328  2937.571
99.375  2938.286
99.438  2940.429
99.484  2940.429
99.547  2938.286
99.609  2938.000
99.672  2936.571
99.719  2938.429
99.766  2936.571
99.828  2938.429
99.891  2937.000
99.953  2936.714
100.000  2934.571
100.063  2935.000
100.125  2934.571
100.172  2936.286
100.219  2939.143
100.266  2939.143
100.328  2936.286
100.375  2934.571
100.438  2935.000
100.500  2934.571
100.547  2936.714
100.609  2937.429
100.656  2936.286
100.703  2935.857
100.750  2938.714
100.797  2940.857
100.844  2938.714
100.891  2935.857
100.953  2936.286
101.031  2937.000
101.078  2938.429
101.141  2936.571
101.203  2938.429
101.266  2937.000
101.328  2936.714
101.375  2934.143
101.422  2936.286
101.469  2938.714
101.516  2940.429
101.594  2940.000
101.656  2940.000
101.703  2940.429
101.766  2938.714
101.844  2935.857
101.906  2936.286
101.953  2937.000
102.000  2938.000
102.078  2938.286
102.125  2940.429
102.172  2940.429
102.219  2938.714
102.281  2935.857
102.328  2936.286
102.391  2937.429
102.469  2936.286
102.531  2936.286
102.578  2937.000
102.625  2938.429
102.672  2936.571
102.719  2938.000
102.766  2938.286
102.813  2940.857
102.875  2938.714
102.938  2936.286
103.016  2934.143
103.078  2936.714
103.125  2937.429
103.203  2936.286
103.250  2936.286
103.297  2937.429
103.344  2936.714
103.391  2934.571
103.438  2934.571
103.484  2936.286
103.531  2939.143
103.578  2938.714
103.625  2937.571
103.672  2938.714
103.719  2939.143
103.781  2935.857
103.844  2935.857
103.891  2939.143
103.938  2939.143
104.000  2936.286
104.047  2934.571
104.094  2934.571
104.141  2936.286
104.203  2938.714
104.266  2940.429
104.313  2940.000
104.359  2940.000
104.406  2940.429
104.469  2938.714
104.516  2935.857
104.578  2936.286
104.641  2937.429
104.703  2936.286
104.750  2936.286
104.797  2937.429
104.859  2936.714
104.938  2934.571
104.984  2935.000
105.031  2934.571
105.078  2936.714
105.125  2937.429
105.188  2936.714
105.250  2934.143
105.297  2936.286
105.344  2939.143
105.406  2939.143
105.453  2936.286
105.516  2934.571
105.563  2935.000
105.609  2935.000
105.656  2934.571
105.719  2936.286
105.781  2939.143
105.844  2939.143
105.906  2935.857
105.969  2936.286
106.016  2937.429
106.094  2936.714
106.172  2934.143
106.219  2936.714
106.266  2937.429
106.344  2936.714
106.406  2934.571
106.469  2935.000
106.531  2935.000
106.594  2935.000
106.641  2934.571
106.688  2936.286
106.734  2938.714
106.781  2940.857
106.844  2938.714
106.891  2936.286
106.938  2937.571
106.984  2923.429
107.031  2919.714
107.094  2904.286
107.156  2928.857
107.250  2932.000
107.297  2930.429
107.344  2905.857
107.391  2911.571
161.891  2892.286
161.953  2885.143
162.016  2863.571
162.078  2880.143
162.141  2880.714
162.188  2879.429
162.234  2887.143
162.281  2884.571
162.344  2870.714
162.422  2855.571
162.469  2854.571
162.516  2867.000
162.563  2883.429
162.609  2905.000
248.500  2905.429
248.547  2884.571
248.625  2878.286
248.703  2881.857
248.797  2894.000
248.844  2880.429
248.938  2869.000
249.031  2852.143
249.078  2869.143
249.156  2893.143
249.234  2902.857
249.313  2891.571
249.359  2895.429
249.438  2895.000
249.531  2895.000
249.594  2895.000
249.641  2895.000
249.703  2895.000
249.766  2895.000
249.844  2895.429
249.922  2894.143
250.016  2890.000
250.125  2886.286
250.188  2882.857
250.234  2882.571
250.281  2883.286
250.344  2887.571
250.406  2876.000
250.469  2873.286
250.578  2883.143
250.672  2898.714
250.719  2897.143
250.797  2894.571
250.875  2895.429
250.969  2893.286
251.047  2892.571
251.094  2893.286
251.156  2895.429
251.234  2895.000
251.297  2895.000
251.344  2895.000
251.406  2895.000
251.500  2895.000
251.578  2895.000
251.672  2895.000
251.781  2895.000
251.844  2895.000
251.891  2895.000
251.953  2895.000
252.250  2916.571
252.297  2929.857
252.344  2920.714
252.438  2839.714
252.500  2775.429
252.547  2778.857
252.625  2836.286
252.719  2863.571
252.828  2848.857
252.938  2844.429
252.984  2845.571
253.078  2847.429
253.156  2848.286
253.203  2842.571
253.297  2839.571
253.359  2838.714
253.422  2836.714
253.516  2833.714
253.578  2830.000
253.641  2826.286
253.703  2823.714
253.781  2820.429
253.875  2814.571
253.953  2811.286
254.000  2808.714
254.063  2804.571
254.125  2802.571
254.203  2802.429
254.281  2800.429
254.375  2797.143
254.453  2790.714
254.516  2780.857
254.578  2789.429
254.641  2798.714
254.688  2813.857
254.734  2794.286
254.828  2802.571
254.906  2798.857
254.953  2791.000
255.047  2761.000
255.094  2769.571
255.141  2791.143
255.188  2800.429
255.250  2797.429
255.313  2821.714
255.375  2825.429
255.438  2819.000
255.547  2811.143
255.641  2809.571
255.734  2803.143
255.813  2795.286
255.906  2807.429
255.969  2812.857
256.031  2816.857
256.094  2809.857
256.203  2804.429
256.266  2813.857
256.328  2816.571
256.391  2815.857
256.438  2810.429
256.484  2811.286
256.563  2812.000
256.641  2813.000
256.703  2813.714
256.797  2813.286
256.875  2814.286
256.953  2815.714
257.047  2817.143
257.109  2814.571
257.156  2814.571
257.219  2816.286
257.313  2818.714
257.406  2820.429
257.484  2820.000
257.578  2820.429
257.641  2818.286
257.688  2817.143
257.781  2820.429
257.844  2821.143
257.938  2819.286
258.000  2818.286
258.063  2818.714
258.125  2817.571
258.188  2818.286
258.250  2820.429
258.328  2820.000
258.406  2820.000
258.484  2820.000
258.578  2820.000
258.641  2820.429
258.703  2818.286
258.750  2817.571
258.797  2818.286
258.875  2820.429
259.000  2820.000
259.094  2820.000
259.141  2820.000
259.188  2820.000
259.266  2820.000
259.344  2820.000
259.453  2820.000
259.500  2820.000
259.594  2820.000
259.688  2820.000
259.766  2820.000
259.859  2820.000
259.938  2820.000
260.000  2820.000
260.063  2820.000
260.156  2820.000
260.203  2820.000
260.266  2820.000
260.313  2820.000
260.359  2820.000
260.422  2820.000
260.484  2820.000
260.547  2820.000
260.594  2820.000
260.672  2820.000
260.766  2820.000
260.828  2820.000
260.891  2820.000
260.953  2820.000
261.016  2820.000
261.078  2820.000
261.125  2820.000
261.188  2820.000
261.266  2820.000
261.328  2820.000
261.391  2820.000
261.484  2820.000
261.547  2820.000
261.641  2820.000
261.734  2820.000
261.828  2820.000
261.891  2820.000
261.953  2820.000
262.016  2820.000
262.078  2820.000
262.172  2820.000
262.266  2820.000
262.344  2820.000
262.406  2820.000
262.500  2820.000
262.563  2820.000
262.625  2820.000
262.688  2820.000
262.734  2820.000
262.797  2820.000
262.906  2820.000
262.984  2820.000
263.063  2820.000
263.125  2820.000
263.188  2820.000
263.250  2820.000
263.313  2820.000
263.391  2820.000
263.500  2820.000
263.578  2820.000
263.641  2820.000
263.703  2820.000
263.813  2820.000
263.891  2820.000
263.969  2820.000
264.031  2820.000
264.094  2820.000
264.203  2820.000
264.297  2820.000
264.406  2820.000
264.484  2820.000
264.547  2820.000
264.609  2820.000
264.719  2820.000
264.781  2820.000
264.844  2820.000
264.922  2820.000
265.016  2820.000
265.109  2820.000
265.172  2820.000
265.250  2820.000
265.313  2820.000
265.406  2820.000
265.469  2820.000
265.563  2820.429
265.625  2818.286
265.719  2817.571
265.781  2818.286
265.875  2820.429
265.938  2820.000
266.000  2820.000
266.078  2820.000
266.172  2820.000
266.250  2820.000
266.313  2820.000
266.406  2820.000
266.484  2820.000
266.531  2820.000
266.609  2820.000
266.703  2820.000
266.766  2820.000
266.844  2820.000
266.938  2820.000
267.000  2820.000
267.078  2820.000
267.141  2820.000
267.203  2820.000
267.281  2820.000
267.328  2820.000
267.375  2820.000
267.438  2820.000
267.500  2820.000
267.563  2820.000
267.625  2820.000
267.750  2820.000
267.828  2820.000
267.906  2820.000
267.969  2820.000
268.031  2820.000
268.078  2820.000
268.141  2820.429
268.234  2818.286
268.297  2817.571
268.375  2818.286
268.438  2820.429
268.500  2820.000
268.563  2820.000
268.656  2820.000
268.719  2820.000
268.813  2820.000
268.875  2820.000
268.922  2820.000
269.016  2820.000
269.094  2820.000
269.141  2820.429
269.234  2818.286
269.313  2817.571
269.375  2818.286
269.438  2820.429
269.516  2820.000
269.578  2820.000
269.672  2820.000
269.734  2820.000
269.797  2820.000
269.906  2820.000
269.969  2820.000
270.047  2820.000
270.109  2820.000
270.172  2820.000
270.266  2820.000
270.328  2820.000
270.391  2820.000
270.516  2820.429
270.594  2818.286
270.688  2817.571
270.750  2818.286
270.844  2820.429
270.906  2820.000
270.984  2820.000
271.094  2820.000
271.188  2820.000
271.266  2820.000
271.328  2820.000
271.391  2820.000
271.469  2820.000
271.563  2820.000
271.625  2820.000
271.688  2820.000
271.766  2820.000
271.828  2820.000
271.891  2820.000
271.953  2820.429
272.047  2818.286
272.141  2818.000
272.234  2816.571
272.297  2818.000
272.359  2818.286
272.438  2820.429
272.500  2820.000
272.594  2820.000
272.703  2820.429
272.797  2818.714
272.859  2815.857
272.953  2815.857
273.016  2818.714
273.078  2820.429
273.172  2820.429
273.234  2818.286
273.281  2817.571
273.359  2818.714
273.422  2819.143
273.500  2816.286
273.609  2814.143
273.672  2816.286
273.734  2819.143
273.844  2819.143
273.906  2816.286
274.000  2814.143
274.063  2816.714
274.141  2817.429
274.203  2816.714
274.297  2814.571
274.375  2815.000
274.438  2815.000
274.547  2815.000
274.641  2815.000
274.703  2814.571
274.766  2816.714
274.844  2817.429
274.922  2816.714
275.000  2814.571
275.078  2815.000
275.156  2815.000
275.219  2815.000
275.281  2814.571
275.344  2816.714
275.406  2817.429
275.484  2816.714
275.547  2814.571
275.609  2815.000
275.703  2815.000
275.766  2815.000
275.828  2815.000
275.906  2815.000
276.000  2815.000
276.078  2815.000
276.156  2815.000
276.250  2815.000
276.328  2815.000
276.391  2815.000
276.453  2815.000
276.531  2815.000
276.594  2815.000
276.672  2815.000
276.734  2815.000
276.797  2815.000
276.859  2815.000
276.922  2815.000
277.016  2815.000
277.094  2815.000
277.188  2815.000
277.281  2815.000
277.344  2815.000
277.406  2815.000
277.500  2815.000
277.594  2815.000
277.672  2815.000
277.734  2815.000
277.859  2815.000
277.953  2815.000
278.016  2815.000
278.094  2815.000
278.188  2815.000
278.250  2815.429
278.344  2813.286
278.406  2812.571
278.500  2813.286
278.578  2815.857
278.641  2813.286
278.719  2812.571
278.781  2813.286
278.859  2815.857
278.953  2813.286
279.031  2812.571
279.109  2813.286
279.156  2815.429
279.234  2815.000
279.313  2815.000
279.375  2815.000
279.422  2815.000
279.500  2815.429
279.578  2813.714
279.641  2810.857
279.703  2810.857
279.766  2814.143
279.828  2813.714
279.938  2812.571
280.000  2813.714
280.109  2814.143
280.219  2811.286
280.281  2809.571
280.344  2810.000
280.406  2810.000
280.500  2810.000
280.563  2810.000
280.625  2810.000
280.688  2810.000
280.781  2809.571
280.891  2811.714
280.969  2812.429
281.063  2811.714
281.172  2809.571
281.250  2810.429
281.313  2808.286
281.406  2807.571
281.469  2808.714
281.563  2808.286
281.641  2809.286
281.734  2810.286
281.813  2813.857
281.891  2812.000
281.984  2811.714
282.047  2809.571
282.109  2810.000
282.188  2810.000
282.250  2810.000
282.297  2810.000
282.359  2810.000
282.469  2810.000
282.547  2810.000
282.641  2810.000
282.703  2810.000
282.766  2810.000
282.828  2810.000
282.891  2810.000
282.953  2810.000
283.063  2810.000
283.125  2810.000
283.188  2810.000
283.250  2810.000
283.328  2810.000
283.422  2810.000
283.484  2810.000
283.563  2810.000
283.625  2810.000
283.703  2810.000
283.766  2810.000
283.828  2810.000
283.891  2810.000
283.984  2810.000
284.047  2810.000
284.141  2810.000
284.219  2810.000
284.297  2810.000
284.375  2810.000
284.438  2810.000
284.500  2810.000
284.563  2810.000
284.625  2810.000
284.703  2810.000
284.797  2810.000
284.875  2810.000
284.953  2810.000
285.047  2810.000
285.109  2810.000
285.203  2810.000
285.266  2810.000
285.344  2810.000
285.406  2810.000
285.484  2810.000
285.547  2810.000
285.641  2810.000
285.703  2810.000
285.750  2810.000
285.828  2810.000
285.922  2810.000
286.000  2810.000
286.047  2810.000
286.141  2810.000
286.250  2810.000
286.328  2810.000
286.406  2810.000
286.484  2810.000
286.563  2810.000
286.625  2810.000
286.719  2810.000
286.813  2810.000
286.859  2810.000
286.938  2810.000
287.016  2810.000
287.078  2810.000
287.156  2810.000
287.219  2810.000
287.281  2810.000
287.375  2810.000
287.469  2810.000
287.547  2810.000
287.641  2810.000
287.719  2810.000
287.781  2810.000
287.844  2810.000
287.938  2810.000
288.016  2810.000
288.125  2810.000
288.188  2810.000
288.250  2810.000
288.313  2810.000
288.375  2810.000
288.438  2810.000
288.516  2810.000
288.578  2810.000
288.656  2810.000
288.734  2810.000
288.797  2810.000
288.875  2810.000
288.953  2810.000
289.047  2810.000
289.109  2809.571
289.203  2811.714
289.266  2812.429
289.328  2811.714
289.406  2809.571
289.469  2810.000
289.547  2809.571
289.641  2811.286
289.719  2814.143
289.797  2814.143
289.891  2811.286
289.969  2809.143
290.031  2811.714
290.109  2812.429
290.172  2811.714
290.234  2809.571
290.297  2810.000
290.359  2810.000
290.453  2810.000
290.547  2810.000
290.609  2810.000
290.672  2809.571
290.766  2811.714
290.859  2812.429
290.969  2811.714
291.031  2809.571
291.125  2810.000
291.188  2809.571
291.266  2811.714
291.328  2812.429
291.391  2811.286
291.469  2811.286
291.578  2812.429
291.641  2811.286
291.703  2811.286
291.766  2812.429
291.828  2811.714
291.891  2809.571
292.000  2810.000
292.063  2810.000
292.141  2810.000
292.203  2810.000
292.266  2810.000
292.344  2810.000
292.438  2809.571
292.516  2811.714
292.578  2812.429
292.641  2811.286
292.766  2811.286
292.828  2812.000
292.891  2813.429
292.969  2811.571
293.031  2813.429
293.094  2812.000
293.203  2811.714
293.266  2809.571
293.344  2810.000
293.406  2809.571
293.500  2811.714
293.594  2812.429
293.656  2811.714
293.719  2809.571
293.781  2809.571
293.844  2811.714
293.922  2812.000
294.000  2813.000
294.125  2813.286
294.188  2815.857
294.250  2813.286
294.359  2812.571
294.422  2813.714
294.500  2813.714
294.563  2813.000
294.625  2812.000
294.688  2811.714
294.750  2809.571
294.828  2810.000
294.922  2810.000
294.984  2810.000
295.094  2810.000
295.172  2809.571
295.234  2811.286
295.297  2814.143
295.359  2814.143
295.422  2810.857
295.516  2811.286
295.578  2812.429
295.641  2811.714
295.719  2809.571
295.797  2810.000
295.859  2810.000
295.953  2810.000
296.016  2810.000
296.125  2810.000
296.219  2810.000
296.328  2810.000
296.391  2810.000
296.453  2810.000
296.516  2810.000
296.594  2810.000
296.656  2810.000
296.719  2810.000
296.813  2810.000
296.875  2810.000
296.938  2810.000
297.016  2810.000
297.109  2810.000
297.172  2810.000
297.266  2810.000
297.375  2810.000
297.469  2810.000
297.547  2810.000
297.609  2810.000
297.703  2809.571
297.766  2811.714
297.828  2812.429
297.891  2811.714
297.984  2809.143
298.047  2811.714
298.109  2812.000
298.188  2813.429
298.281  2812.000
298.344  2811.286
298.406  2810.857
298.516  2813.714
298.578  2815.857
298.641  2813.714
298.719  2810.857
298.797  2811.286
298.906  2812.429
298.969  2811.714
299.031  2809.143
299.094  2811.714
299.188  2812.000
299.266  2813.000
299.344  2813.714
299.406  2814.143
299.516  2811.286
299.578  2809.571
299.672  2809.571
299.750  2811.714
299.813  2812.429
299.875  2811.714
299.969  2809.143
300.047  2811.714
300.109  2812.429
300.172  2811.714
300.250  2809.143
300.328  2811.286
300.406  2813.714
300.484  2815.429
300.547  2815.429
300.625  2813.286
300.703  2812.571
300.781  2813.714
300.906  2814.143
300.969  2810.857
301.031  2810.857
301.141  2813.714
301.234  2815.857
301.297  2813.714
301.359  2810.857
301.422  2810.857
301.516  2813.714
301.578  2815.429
301.656  2815.429
301.719  2813.714
301.797  2810.857
301.891  2810.857
301.984  2814.143
302.078  2814.143
302.172  2810.857
302.250  2811.286
302.328  2812.000
302.391  2813.000
302.484  2813.714
302.547  2813.714
302.609  2813.000
302.703  2811.571
302.781  2813.000
302.844  2813.286
302.922  2815.429
302.984  2815.000
303.094  2815.000
303.203  2815.000
303.266  2815.429
303.391  2813.286
303.469  2812.571
303.531  2813.286
303.656  2815.429
303.719  2815.429
303.781  2813.286
303.844  2813.000
303.906  2811.571
304.000  2813.000
304.063  2813.286
304.125  2815.429
304.219  2815.000
304.297  2815.429
304.375  2813.286
304.438  2813.000
304.516  2812.000
304.578  2811.286
304.641  2811.286
304.719  2812.000
304.781  2813.000
304.844  2813.286
304.922  2815.429
305.000  2815.429
305.078  2813.714
305.188  2811.286
305.250  2809.571
305.344  2810.000
305.406  2810.000
305.469  2810.000
305.563  2810.000
305.672  2810.000
305.781  2810.000
305.844  2810.000
305.938  2810.000
306.000  2810.000
306.063  2809.571
306.125  2811.714
306.219  2812.000
306.297  2813.429
306.359  2811.571
306.469  2813.429
306.547  2811.571
306.656  2813.429
306.719  2812.000
306.781  2811.286
306.875  2811.286
306.938  2812.429
307.031  2811.714
307.125  2809.571
307.219  2810.000
307.281  2810.000
307.344  2810.000
307.406  2810.000
307.469  2810.000
307.531  2810.000
307.625  2810.000
307.766  2810.000
307.859  2810.000
307.969  2810.000
308.047  2810.000
308.109  2810.000
308.172  2810.000
308.234  2810.000
308.328  2810.000
308.391  2810.000
308.453  2810.000
308.516  2810.000
308.609  2810.000
308.672  2810.000
308.734  2810.000
308.797  2810.000
308.859  2810.000
308.922  2809.571
308.984  2811.714
309.063  2812.429
309.125  2811.714
309.188  2809.571
309.281  2810.000
309.359  2810.000
309.422  2810.000
309.484  2810.000
309.547  2810.000
309.641  2810.000
309.719  2810.000
309.781  2810.000
309.875  2810.000
309.953  2810.000
310.016  2810.000
310.094  2810.000
310.156  2810.000
310.219  2810.000
310.313  2810.000
310.391  2810.000
310.469  2810.000
310.563  2810.000
310.641  2810.000
310.703  2810.000
310.797  2810.000
310.906  2810.000
311.000  2810.000
311.078  2810.000
311.172  2810.000
311.234  2810.000
311.297  2810.000
311.359  2810.000
311.422  2810.000
311.484  2810.000
311.578  2810.000
311.641  2810.000
311.750  2809.571
311.828  2811.714
311.891  2812.429
311.984  2811.714
312.078  2809.571
312.141  2810.000
312.234  2809.571
312.297  2811.714
312.359  2812.000
312.484  2813.429
312.578  2812.000
312.641  2811.714
312.703  2809.571
312.797  2810.000
312.859  2810.000
312.922  2810.000
313.000  2810.000
313.078  2810.000
313.172  2810.000
313.234  2809.571
313.297  2811.714
313.359  2812.429
313.438  2811.714
313.531  2809.571
313.594  2809.571
313.688  2811.286
313.797  2814.143
313.859  2814.143
313.922  2810.857
313.984  2810.857
314.063  2813.714
314.125  2815.429
314.203  2815.429
314.281  2813.286
314.344  2812.571
314.453  2813.286
314.516  2815.429
314.609  2815.000
314.703  2815.000
314.766  2815.000
314.844  2815.000
314.953  2815.000
315.047  2815.000
315.156  2815.000
315.219  2815.000
315.313  2815.000
315.391  2815.000
315.453  2815.000
315.516  2815.000
315.578  2815.000
315.641  2815.000
315.703  2815.000
315.797  2815.000
315.859  2815.000
315.922  2815.000
316.000  2815.000
316.063  2815.000
316.141  2815.000
316.234  2815.000
316.297  2815.000
316.406  2815.000
316.516  2815.000
316.578  2815.000
316.656  2815.000
316.734  2815.000
316.797  2815.000
316.859  2815.000
316.953  2815.000
317.031  2815.000
317.094  2815.000
317.188  2815.000
317.281  2815.000
317.344  2815.000
317.406  2815.000
317.500  2815.000
317.563  2815.000
317.625  2815.000
317.688  2815.000
317.750  2815.000
317.813  2815.000
317.922  2815.000
318.000  2815.000
318.109  2815.000
318.203  2815.000
318.297  2815.000
318.375  2814.571
318.500  2816.286
318.578  2819.143
318.641  2818.714
318.703  2818.000
318.797  2817.000
318.875  2816.714
318.938  2814.571
319.016  2815.000
319.109  2815.000
319.203  2815.000
319.266  2815.000
319.328  2815.000
319.391  2814.571
319.453  2816.714
319.516  2817.429
319.594  2816.714
319.656  2814.143
