1384.837  25.635
1385.086  25.443
1385.336  24.310
1385.601  22.934
1385.851  22.290
1386.100  21.112
1386.365  19.635
1386.615  18.198
1386.880  16.312
1387.130  15.836
1387.379  17.398
1387.645  16.415
1387.894  17.484
1388.144  16.470
1388.409  14.249
1388.659  14.694
1388.908  17.099
1389.173  18.890
1389.423  18.982
1389.673  19.876
1389.938  21.686
1390.187  22.760
1390.453  23.071
1390.702  23.505
1390.952  23.883
1391.217  23.883
1391.467  24.994
1391.732  25.906
1496.736  25.214
1497.001  25.281
1497.266  25.214
1497.516  25.278
1497.781  25.223
1498.046  25.281
1498.312  25.269
1498.577  25.250
1498.842  25.244
1499.107  25.241
1499.372  25.244
1499.638  25.171
1499.903  25.238
1500.168  25.211
1500.433  25.311
1500.698  25.153
1500.964  25.110
1501.229  25.177
1501.494  25.235
1501.759  25.189
1502.024  25.150
1502.290  25.180
1502.555  25.180
1502.820  25.122
1503.085  25.067
1503.351  25.232
1503.616  25.208
1503.881  25.137
1504.146  25.125
1504.411  25.095
1504.677  25.180
1504.942  25.195
1505.207  25.168
1505.472  25.098
1505.737  25.119
1506.003  25.168
1506.268  25.119
1506.533  25.119
1506.798  25.092
1507.048  25.052
1507.313  25.165
1507.578  25.125
1507.843  25.009
1508.109  24.915
1508.374  25.058
1508.655  25.049
1508.920  25.110
1509.185  25.031
1509.450  25.021
1509.715  25.073
1509.981  24.991
1510.246  25.003
1510.511  25.015
1510.776  24.951
1511.041  24.948
1511.307  24.927
1511.572  24.893
1511.837  24.875
1512.102  24.924
1512.367  24.841
1512.633  24.948
1512.898  24.878
1513.163  24.875
1513.428  24.884
1513.693  24.860
1513.959  25.027
1514.224  24.866
1514.489  24.948
1514.754  24.875
1515.019  24.887
1515.285  24.921
1515.550  24.881
1515.815  24.826
1516.080  24.857
1516.345  24.945
1516.611  24.918
1516.876  24.814
1517.141  24.792
1517.406  24.863
1517.671  24.878
1517.937  24.841
1518.202  24.777
1518.467  24.857
1518.732  24.774
1519.013  24.805
1519.278  24.728
1519.543  24.854
1519.809  24.841
1520.074  24.774
1520.339  24.799
1520.604  24.701
1520.869  24.692
1521.135  24.777
1521.400  24.796
1521.665  24.734
1521.930  24.753
1522.195  24.704
1522.461  24.680
1522.726  24.683
1522.991  24.637
1523.256  24.670
1523.537  24.609
1523.802  24.585
1524.067  24.646
1524.333  24.664
1524.598  24.686
1524.863  24.634
1525.128  24.658
1525.393  24.692
1525.659  24.643
1525.924  24.652
1526.189  24.542
1526.454  24.640
1526.719  24.646
1527.000  24.640
1527.265  24.564
1527.531  24.634
1527.796  24.677
1528.061  24.619
1528.326  24.597
1528.591  24.585
1528.857  24.615
1529.122  24.588
1529.387  24.573
1529.652  24.512
1529.933  24.512
1530.198  24.542
1530.463  24.527
1530.729  24.490
1530.994  24.548
1531.259  24.484
1531.524  24.429
1531.789  24.454
1532.055  24.496
1532.320  24.475
1532.601  24.448
1532.866  24.417
1533.131  24.490
1533.396  24.420
1533.661  24.387
1533.927  24.496
1534.192  24.445
1534.473  24.399
1534.738  24.472
1535.003  24.411
1535.268  24.399
1535.534  24.402
1535.799  24.411
1536.064  24.362
1536.345  24.390
1536.610  24.423
1536.875  24.341
1537.140  24.390
1537.406  24.371
1537.686  24.399
1537.952  24.368
1538.217  24.402
1538.482  24.417
1538.747  24.390
1539.012  24.380
1539.278  24.329
1539.558  24.338
1539.824  24.283
1540.089  24.408
1540.354  24.289
1540.619  24.347
1540.884  24.255
1541.150  24.338
1541.430  24.268
1541.696  24.295
1541.961  24.286
1542.226  24.347
1542.491  24.341
1542.772  24.292
1543.037  24.313
1543.302  24.301
1543.568  24.319
1543.833  24.274
1544.098  24.316
1544.379  24.289
1544.644  24.271
1544.909  24.283
1545.174  24.265
1545.455  24.277
1545.720  24.335
1545.986  24.295
1546.251  24.231
1546.516  24.252
1546.781  24.268
1547.062  24.222
1547.327  24.161
1547.592  24.216
1547.858  24.228
1548.138  24.255
1548.404  24.292
1548.669  24.249
1548.934  24.203
1549.199  24.280
1549.480  24.237
1549.745  24.274
1550.010  24.258
1550.276  24.191
1550.541  24.207
1550.822  24.249
1551.087  24.179
1551.352  24.277
1551.617  24.280
1551.898  24.246
1552.163  24.356
1552.428  24.249
1552.694  24.194
1552.974  24.213
1553.240  24.274
1553.505  24.258
1553.770  24.240
1554.035  24.216
1554.316  24.213
1554.581  24.222
1554.846  24.200
1555.127  24.170
1555.392  24.271
1555.658  24.255
1555.923  24.271
1556.204  24.200
1556.469  24.255
1556.734  24.176
1556.999  24.231
1557.280  24.167
1557.545  24.216
1557.810  24.234
1558.076  24.231
1558.356  24.164
1558.622  24.136
1558.887  24.130
1559.152  24.146
1559.433  24.274
1559.698  24.185
1559.963  24.161
1560.228  24.258
1560.509  24.231
1560.774  24.191
1561.040  24.185
1561.305  24.200
1561.586  24.289
1561.851  24.161
1562.116  24.136
1562.381  24.277
1562.662  24.207
1562.927  24.161
1563.192  24.194
1563.473  24.161
1563.738  24.158
1564.004  24.258
1564.269  24.213
1564.550  24.228
1564.815  24.249
1565.080  24.142
1565.361  24.252
1565.626  24.240
1565.891  24.179
1566.157  24.185
1566.437  24.225
1566.703  24.191
1566.968  24.292
1567.249  24.246
1567.514  24.237
1567.779  24.240
1568.060  24.216
1568.325  24.277
1568.590  24.344
1568.871  24.274
1569.136  24.359
1569.401  24.344
1569.682  24.359
1569.947  24.268
1570.213  24.319
1570.493  24.310
1570.759  24.329
1571.024  24.335
1571.305  24.304
1571.570  24.338
1571.835  24.402
1572.116  24.341
1572.381  24.402
1572.646  24.384
1572.927  24.438
1573.192  24.420
1573.457  24.521
1573.738  24.530
1574.003  24.417
1574.269  24.496
1574.549  24.533
1574.815  24.548
1575.080  24.554
1575.361  24.573
1575.626  24.625
1575.891  24.673
1576.172  24.643
1576.437  24.692
1576.702  24.661
1576.983  24.728
1577.248  24.677
1577.513  24.811
1577.794  24.850
1578.059  24.728
1578.325  24.701
1578.605  24.863
1578.871  24.869
1579.136  24.820
1579.417  24.905
1579.682  24.936
1579.963  24.908
1580.228  24.924
1580.509  25.040
1580.774  25.012
1581.039  25.018
1581.320  25.119
1581.585  25.092
1581.850  25.125
1582.131  25.070
1582.396  25.174
1582.677  25.159
1582.942  25.211
1583.207  25.134
1583.488  25.287
1583.753  25.259
1584.034  25.208
1584.299  25.247
1584.565  25.156
1584.845  25.314
