1384.837  25.729
1385.086  25.302
1385.336  24.286
1385.601  23.126
1385.851  22.161
1386.100  21.103
1386.365  19.706
1386.615  17.997
1386.880  16.418
1387.130  16.283
1387.379  16.611
1387.645  17.163
1387.894  17.054
1388.144  16.213
1388.409  14.641
1388.659  14.854
1388.908  16.971
1389.173  18.583
1389.423  19.187
1389.673  20.027
1389.938  21.547
1390.187  22.682
1390.453  23.162
1390.702  23.517
1390.952  23.728
1391.217  24.123
1391.467  24.927
1391.732  25.808
1497.001  25.243
1497.266  25.258
1497.516  25.237
1497.781  25.259
1498.046  25.260
1498.312  25.273
1498.577  25.253
1498.842  25.243
1499.107  25.248
1499.372  25.218
1499.638  25.210
1499.903  25.199
1500.168  25.263
1500.433  25.246
1500.698  25.185
1500.964  25.120
1501.229  25.175
1501.494  25.217
1501.759  25.193
1502.024  25.164
1502.290  25.174
1502.555  25.172
1502.820  25.109
1503.085  25.121
1503.351  25.185
1503.616  25.211
1503.881  25.153
1504.146  25.107
1504.411  25.122
1504.677  25.162
1504.942  25.197
1505.207  25.156
1505.472  25.115
1505.737  25.124
1506.003  25.145
1506.268  25.138
1506.533  25.111
1506.798  25.079
1507.048  25.092
1507.313  25.132
1507.578  25.123
1507.843  24.999
1508.109  24.967
1508.374  25.006
1508.655  25.086
1508.920  25.074
1509.185  25.050
1509.450  25.037
1509.715  25.037
1509.981  25.019
1510.246  25.001
1510.511  24.997
1510.776  24.970
1511.041  24.941
1511.307  24.925
1511.572  24.891
1511.837  24.896
1512.102  24.879
1512.367  24.900
1512.633  24.896
1512.898  24.904
1513.163  24.874
1513.428  24.861
1513.693  24.924
1513.959  24.934
1514.224  24.949
1514.489  24.893
1514.754  24.901
1515.019  24.890
1515.285  24.908
1515.550  24.877
1515.815  24.837
1516.080  24.869
1516.345  24.927
1516.611  24.908
1516.876  24.827
1517.141  24.806
1517.406  24.850
1517.671  24.876
1517.937  24.828
1518.202  24.818
1518.467  24.807
1518.732  24.817
1519.013  24.759
1519.278  24.784
1519.543  24.817
1519.809  24.836
1520.074  24.805
1520.339  24.762
1520.604  24.719
1520.869  24.706
1521.135  24.765
1521.400  24.781
1521.665  24.761
1521.930  24.732
1522.195  24.712
1522.461  24.687
1522.726  24.666
1522.991  24.663
1523.256  24.644
1523.537  24.616
1523.802  24.600
1524.067  24.631
1524.333  24.675
1524.598  24.666
1524.863  24.653
1525.128  24.660
1525.393  24.672
1525.659  24.670
1525.924  24.609
1526.189  24.596
1526.454  24.607
1526.719  24.658
1527.000  24.617
1527.265  24.597
1527.531  24.626
1527.796  24.659
1528.061  24.633
1528.326  24.592
1528.591  24.596
1528.857  24.601
1529.122  24.599
1529.387  24.559
1529.652  24.524
1529.933  24.516
1530.198  24.534
1530.463  24.519
1530.729  24.519
1530.994  24.518
1531.259  24.489
1531.524  24.440
1531.789  24.455
1532.055  24.484
1532.320  24.480
1532.601  24.439
1532.866  24.447
1533.131  24.453
1533.396  24.426
1533.661  24.422
1533.927  24.456
1534.192  24.449
1534.473  24.430
1534.738  24.435
1535.003  24.430
1535.268  24.397
1535.534  24.407
1535.799  24.394
1536.064  24.380
1536.345  24.394
1536.610  24.392
1536.875  24.379
1537.140  24.363
1537.406  24.390
1537.686  24.379
1537.952  24.386
1538.217  24.397
1538.482  24.410
1538.747  24.400
1539.012  24.366
1539.278  24.348
1539.558  24.306
1539.824  24.340
1540.089  24.336
1540.354  24.353
1540.619  24.291
1540.884  24.311
1541.150  24.288
1541.430  24.301
1541.696  24.275
1541.961  24.307
1542.226  24.333
1542.491  24.333
1542.772  24.311
1543.037  24.299
1543.302  24.314
1543.568  24.298
1543.833  24.300
1544.098  24.296
1544.379  24.294
1544.644  24.278
1544.909  24.273
1545.174  24.269
1545.455  24.291
1545.720  24.316
1545.986  24.292
1546.251  24.248
1546.516  24.249
1546.781  24.259
1547.062  24.215
1547.327  24.186
1547.592  24.197
1547.858  24.233
1548.138  24.262
1548.404  24.278
1548.669  24.245
1548.934  24.235
1549.199  24.242
1549.480  24.266
1549.745  24.262
1550.010  24.247
1550.276  24.207
1550.541  24.214
1550.822  24.213
1551.087  24.226
1551.352  24.249
1551.617  24.269
1551.898  24.292
1552.163  24.302
1552.428  24.270
1552.694  24.199
1552.974  24.220
1553.240  24.257
1553.505  24.265
1553.770  24.237
1554.035  24.219
1554.316  24.216
1554.581  24.216
1554.846  24.190
1555.127  24.203
1555.392  24.237
1555.658  24.278
1555.923  24.243
1556.204  24.241
1556.469  24.210
1556.734  24.221
1556.999  24.189
1557.280  24.199
1557.545  24.203
1557.810  24.239
1558.076  24.218
1558.356  24.174
1558.622  24.135
1558.887  24.122
1559.152  24.182
1559.433  24.222
1559.698  24.204
1559.963  24.187
1560.228  24.227
1560.509  24.236
1560.774  24.196
1561.040  24.179
1561.305  24.229
1561.586  24.237
1561.851  24.183
1562.116  24.174
1562.381  24.225
1562.662  24.222
1562.927  24.178
1563.192  24.173
1563.473  24.163
1563.738  24.186
1564.004  24.219
1564.269  24.235
1564.550  24.235
1564.815  24.208
1565.080  24.201
1565.361  24.217
1565.626  24.236
1565.891  24.192
1566.157  24.191
1566.437  24.198
1566.703  24.233
1566.968  24.252
1567.249  24.264
1567.514  24.238
1567.779  24.227
1568.060  24.232
1568.325  24.282
1568.590  24.307
1568.871  24.321
1569.136  24.326
1569.401  24.367
1569.682  24.326
1569.947  24.307
1570.213  24.294
1570.493  24.321
1570.759  24.328
1571.024  24.324
1571.305  24.316
1571.570  24.348
1571.835  24.368
1572.116  24.379
1572.381  24.372
1572.646  24.409
1572.927  24.409
1573.192  24.454
1573.457  24.505
1573.738  24.501
1574.003  24.464
1574.269  24.474
1574.549  24.534
1574.815  24.547
1575.080  24.554
1575.361  24.578
1575.626  24.628
1575.891  24.653
1576.172  24.670
1576.437  24.663
1576.702  24.695
1576.983  24.684
1577.248  24.727
1577.513  24.793
1577.794  24.822
1578.059  24.742
1578.325  24.739
1578.605  24.825
1578.871  24.861
1579.136  24.852
1579.417  24.889
1579.682  24.927
1579.963  24.912
1580.228  24.950
1580.509  25.004
1580.774  25.022
1581.039  25.042
1581.320  25.084
1581.585  25.121
1581.850  25.091
1582.131  25.115
1582.396  25.134
1582.677  25.192
1582.942  25.163
1583.207  25.200
1583.488  25.238
1583.753  25.263
1584.034  25.237
1584.299  25.196
1584.565  25.225
