48.734  2929.857
48.781  2916.000
48.828  2911.857
74.219  2931.000
74.266  2913.143
74.328  2893.143
74.531  2931.286
74.719  2919.714
74.781  2910.571
74.828  2896.429
74.875  2892.143
107.031  2919.714
107.297  2930.429
107.344  2905.857
107.438  2917.143
107.484  2912.000
107.531  2900.000
107.578  2897.286
107.641  2891.286
107.703  2893.714
161.750  2923.429
161.797  2894.857
161.844  2903.714
161.891  2892.286
161.953  2885.143
162.016  2863.571
162.078  2880.143
162.141  2880.714
162.188  2879.429
162.234  2887.143
162.281  2884.571
162.344  2870.714
162.422  2855.571
162.469  2854.571
162.516  2867.000
162.563  2883.429
162.781  2921.714
162.859  2915.857
163.219  2916.714
163.281  2914.571
163.328  2915.000
163.375  2914.571
163.531  2919.143
163.578  2916.286
163.625  2914.571
163.672  2915.000
163.719  2915.000
163.766  2915.000
164.031  2916.714
164.359  2916.714
164.406  2914.571
164.734  2916.714
164.813  2914.571
164.859  2915.000
165.188  2916.714
165.234  2914.571
165.313  2915.000
165.359  2915.000
165.406  2915.000
165.500  2915.000
165.750  2916.714
165.813  2914.571
165.875  2915.000
165.938  2915.000
166.016  2915.000
166.094  2915.000
166.188  2915.000
166.266  2915.000
166.563  2916.714
166.609  2914.571
166.688  2915.000
166.750  2915.000
166.797  2915.000
166.891  2915.000
166.969  2915.000
167.031  2915.000
167.094  2915.000
167.156  2915.000
167.203  2915.000
167.250  2915.000
167.297  2915.000
167.547  2916.714
167.594  2914.571
167.641  2915.000
167.688  2915.000
167.734  2915.000
167.781  2915.000
167.828  2915.000
167.906  2915.000
167.969  2915.000
168.031  2915.000
168.125  2915.000
168.203  2915.000
168.250  2915.000
168.344  2915.000
168.391  2915.000
168.469  2915.000
168.531  2915.000
168.609  2915.000
168.688  2915.000
168.766  2915.000
168.828  2915.000
168.938  2915.000
169.016  2915.000
169.094  2915.000
169.172  2915.000
169.234  2915.000
169.313  2915.000
169.406  2915.000
169.484  2915.000
169.594  2915.000
169.672  2915.000
169.750  2915.000
169.828  2915.000
169.891  2915.000
169.953  2915.000
170.016  2915.000
170.063  2915.000
170.109  2915.000
170.156  2915.000
170.219  2915.000
170.297  2915.000
170.375  2915.000
170.422  2915.000
170.469  2915.000
170.688  2916.714
170.766  2914.571
170.828  2915.000
170.906  2915.000
170.953  2915.000
171.031  2915.000
171.078  2915.000
171.125  2915.000
171.172  2915.000
171.266  2915.000
171.313  2915.000
171.391  2915.000
171.656  2916.714
171.719  2914.571
171.766  2914.571
171.922  2919.143
172.016  2916.286
172.063  2914.571
172.109  2915.000
172.156  2915.000
172.203  2915.000
172.266  2915.000
172.344  2915.000
172.391  2915.000
172.438  2915.000
172.484  2915.000
172.531  2915.000
172.609  2915.000
172.656  2915.000
172.703  2915.000
172.766  2915.000
172.859  2915.000
172.953  2915.000
173.016  2915.000
173.094  2915.000
173.156  2915.000
173.203  2915.000
173.250  2915.000
173.297  2915.000
173.344  2915.000
173.391  2915.000
173.438  2915.000
173.500  2915.000
173.578  2915.000
173.641  2915.000
173.734  2915.000
173.781  2915.000
173.828  2915.000
173.906  2915.000
174.000  2915.000
174.047  2915.000
174.094  2915.000
174.141  2915.000
174.188  2915.000
174.234  2915.000
174.328  2915.000
174.375  2915.000
174.438  2915.000
174.500  2915.000
174.547  2915.000
174.609  2915.000
174.688  2915.000
174.734  2915.000
174.781  2915.000
174.828  2915.000
174.906  2915.000
174.984  2915.000
175.031  2915.000
175.078  2915.000
175.125  2915.000
175.172  2915.000
175.219  2915.000
175.266  2915.000
175.344  2915.000
175.391  2915.000
175.469  2915.000
175.547  2915.000
175.656  2915.000
175.719  2915.000
175.797  2915.000
175.891  2915.000
175.938  2915.000
176.000  2915.000
176.094  2915.000
176.141  2915.000
176.188  2915.000
176.266  2915.000
176.328  2915.000
176.375  2915.000
176.438  2915.000
176.516  2915.000
176.578  2915.000
176.672  2915.000
176.766  2915.000
176.813  2915.000
176.859  2915.000
176.922  2915.000
177.016  2915.000
177.078  2915.000
177.156  2915.000
177.219  2915.000
177.297  2915.000
177.391  2915.000
177.438  2915.000
177.484  2915.000
177.563  2915.000
177.641  2915.000
177.703  2915.000
177.781  2915.000
177.859  2915.000
177.922  2915.000
178.016  2915.000
178.063  2915.000
178.125  2915.000
178.188  2915.000
178.234  2915.000
178.297  2915.000
178.375  2915.000
178.422  2915.000
178.469  2915.000
178.516  2915.000
178.578  2915.000
178.625  2915.000
178.672  2915.000
178.766  2915.000
178.828  2915.000
178.875  2915.000
178.938  2915.000
179.016  2915.000
179.063  2915.000
179.109  2915.000
179.188  2915.000
179.234  2915.000
179.313  2915.000
179.391  2915.000
179.469  2915.000
179.547  2915.000
179.641  2915.000
179.734  2915.000
179.781  2915.000
179.828  2915.000
179.906  2915.000
179.984  2915.000
180.078  2915.000
180.141  2915.000
180.188  2915.000
180.250  2915.000
180.313  2915.000
180.375  2915.000
180.422  2915.000
180.484  2915.000
180.563  2915.000
180.625  2915.000
180.703  2915.000
180.781  2915.429
180.828  2913.286
180.875  2912.571
180.953  2913.286
181.047  2915.429
181.109  2915.000
181.156  2915.000
181.203  2915.000
181.250  2915.000
181.297  2915.000
181.359  2915.000
181.438  2915.429
181.531  2913.286
181.609  2912.571
181.672  2913.286
181.734  2915.429
181.781  2915.000
181.859  2915.429
181.906  2913.714
181.984  2911.286
182.078  2909.571
182.141  2909.571
182.188  2911.714
182.234  2912.429
182.281  2912.143
182.328  2908.286
182.422  2906.286
182.469  2904.571
182.516  2905.000
182.563  2905.000
182.609  2904.143
182.656  2907.571
182.703  2912.857
182.750  2914.143
182.797  2912.571
182.844  2913.286
182.906  2915.857
182.984  2913.714
183.094  2911.286
183.141  2909.571
183.188  2910.000
183.266  2910.000
183.328  2909.571
183.375  2911.286
183.438  2914.143
183.484  2914.143
183.531  2910.857
183.578  2911.286
183.625  2912.429
183.703  2911.714
183.766  2909.143
183.828  2911.286
183.891  2914.143
183.953  2914.143
184.000  2911.286
184.078  2909.143
184.172  2911.286
184.234  2914.143
184.281  2914.143
184.328  2911.286
184.375  2909.571
184.453  2910.000
184.531  2910.000
184.578  2909.571
184.625  2911.286
184.703  2914.143
184.750  2914.143
184.797  2911.286
184.844  2909.143
184.922  2911.286
184.984  2914.143
185.063  2914.143
185.156  2911.286
185.203  2909.143
185.250  2911.714
185.328  2912.429
185.391  2911.714
185.453  2909.143
185.547  2911.714
185.641  2912.429
185.719  2911.714
185.781  2909.571
185.844  2910.000
185.906  2910.000
186.000  2910.000
186.063  2910.000
186.156  2910.000
186.219  2910.000
186.313  2910.000
186.375  2910.000
186.453  2910.000
186.531  2909.571
186.594  2911.286
186.656  2914.143
186.750  2914.143
186.813  2911.286
186.859  2909.571
186.953  2910.000
187.000  2909.571
187.047  2911.714
187.156  2912.429
187.234  2911.714
187.313  2909.571
187.375  2910.000
187.422  2910.000
187.484  2910.000
187.547  2909.571
187.594  2911.714
187.641  2912.429
187.688  2911.714
187.734  2909.571
187.781  2910.000
187.844  2910.000
187.891  2910.000
187.969  2910.000
188.031  2910.000
188.078  2910.000
188.156  2910.000
188.219  2910.000
188.266  2910.000
188.313  2910.000
188.359  2910.000
188.406  2910.000
188.484  2910.000
188.547  2910.000
188.609  2910.000
188.656  2910.000
188.703  2910.000
188.750  2910.000
188.797  2910.000
188.859  2910.000
188.906  2910.000
188.969  2910.000
189.047  2910.000
189.094  2910.000
189.141  2910.000
189.234  2910.000
189.313  2910.000
189.391  2910.000
189.453  2909.571
189.500  2911.714
189.547  2912.429
189.625  2911.714
189.703  2909.571
189.781  2910.000
189.844  2910.000
189.891  2910.000
189.938  2910.000
190.016  2910.000
190.078  2910.000
190.125  2910.000
190.172  2910.000
190.234  2910.000
190.313  2910.000
190.359  2910.000
190.438  2910.000
190.547  2910.000
190.625  2910.000
190.672  2910.000
190.719  2910.000
190.781  2910.000
190.844  2910.000
190.891  2910.000
190.938  2910.000
191.031  2910.000
191.078  2910.000
191.125  2910.000
191.172  2910.000
191.281  2910.000
191.375  2910.000
191.422  2910.000
191.469  2910.000
191.516  2910.000
191.563  2910.000
191.609  2910.000
191.672  2910.000
191.750  2910.000
191.844  2910.000
191.922  2910.000
192.016  2910.000
192.063  2910.000
192.109  2910.000
192.172  2910.000
192.234  2910.000
192.281  2910.000
192.359  2910.000
192.438  2910.000
192.484  2910.000
192.578  2910.000
192.672  2910.000
192.719  2910.000
192.781  2910.000
192.875  2910.000
192.969  2910.000
193.047  2910.000
193.109  2910.000
193.172  2910.000
193.266  2910.000
193.359  2910.000
193.438  2910.000
193.531  2910.000
193.625  2910.000
193.672  2910.000
193.719  2910.000
193.797  2910.000
193.859  2910.000
193.922  2910.000
193.984  2910.000
194.078  2910.000
194.156  2910.000
194.219  2910.000
194.266  2910.000
194.313  2910.000
194.375  2910.000
194.469  2910.000
194.516  2910.000
194.578  2910.000
194.625  2910.000
194.703  2910.000
194.750  2910.000
194.797  2910.000
194.891  2910.000
194.953  2910.000
195.031  2910.000
195.125  2910.000
195.219  2910.000
195.281  2910.000
195.328  2910.000
195.406  2910.000
195.453  2910.000
195.531  2910.000
195.578  2910.000
195.625  2910.000
195.672  2910.000
195.719  2910.000
195.797  2910.000
195.859  2910.000
195.938  2910.000
196.016  2910.000
196.078  2910.000
196.125  2910.000
196.172  2910.000
196.219  2910.000
196.266  2909.571
196.344  2911.714
196.438  2912.429
196.484  2911.714
196.547  2909.571
196.641  2910.000
196.719  2910.000
196.797  2910.000
196.875  2910.000
196.953  2910.000
197.047  2910.000
197.109  2910.000
197.188  2909.571
197.250  2911.286
197.344  2913.714
197.406  2915.857
197.500  2913.714
197.578  2910.857
197.641  2910.857
197.688  2913.714
197.734  2915.429
197.813  2915.000
197.875  2915.429
197.969  2913.714
198.031  2911.286
198.125  2909.143
198.203  2911.286
198.250  2913.714
198.297  2915.429
198.344  2915.000
198.391  2915.000
198.469  2915.429
198.547  2913.286
198.656  2912.571
198.734  2913.286
198.797  2915.857
198.859  2913.286
198.906  2912.571
198.984  2913.286
199.031  2915.429
199.078  2915.000
199.125  2915.000
199.172  2915.000
199.250  2915.000
199.297  2915.000
199.359  2915.000
199.438  2915.000
199.516  2915.000
199.594  2915.000
199.672  2915.000
199.719  2915.000
199.797  2915.000
199.844  2915.000
199.891  2915.000
199.953  2915.000
200.016  2915.000
200.078  2915.000
200.172  2915.000
200.250  2915.000
200.297  2915.000
200.344  2915.000
200.406  2915.000
200.484  2915.000
200.578  2915.000
200.656  2915.000
200.750  2915.000
200.813  2915.000
200.875  2915.000
200.953  2915.000
201.016  2915.000
201.078  2915.000
201.172  2915.000
201.219  2915.000
201.266  2915.000
201.313  2915.000
201.375  2915.000
201.453  2915.000
201.547  2915.000
201.594  2915.000
201.688  2915.000
201.734  2915.000
201.781  2915.000
201.828  2915.000
201.891  2915.000
201.969  2915.000
202.016  2915.000
202.125  2915.000
202.172  2915.000
202.234  2915.000
202.281  2915.000
202.359  2915.000
202.438  2915.000
202.484  2915.000
202.531  2915.000
202.578  2915.000
202.672  2915.000
202.766  2915.000
202.844  2915.000
202.922  2915.000
202.969  2915.000
203.016  2915.000
203.094  2915.000
203.172  2915.000
203.234  2915.000
203.297  2915.000
203.344  2915.000
203.438  2915.000
203.500  2915.000
203.578  2915.000
203.641  2915.000
203.703  2915.000
203.750  2915.000
203.844  2915.000
203.906  2915.000
203.969  2915.000
204.016  2915.000
204.109  2915.000
204.156  2915.000
204.234  2915.000
204.281  2915.000
204.328  2915.000
204.391  2915.000
204.469  2915.000
204.516  2915.000
204.594  2915.000
204.656  2915.000
204.703  2915.000
204.766  2915.000
204.813  2915.000
204.891  2915.000
204.953  2915.000
205.016  2915.000
205.094  2915.000
205.156  2915.000
205.203  2915.000
205.266  2914.571
205.500  2919.143
205.547  2916.286
205.594  2914.571
205.641  2915.000
205.828  2916.714
205.891  2914.571
205.953  2915.000
206.016  2915.000
206.266  2916.714
206.344  2914.571
206.391  2915.000
206.438  2915.000
206.531  2915.000
206.578  2915.000
206.656  2915.000
206.766  2915.000
206.859  2915.000
206.938  2915.000
206.984  2915.000
207.078  2915.000
207.141  2915.000
207.188  2915.000
207.234  2915.000
207.328  2915.000
207.375  2915.000
207.422  2915.000
207.500  2915.000
207.578  2915.000
207.641  2915.000
207.719  2915.000
207.766  2915.000
207.813  2915.000
207.891  2915.000
207.953  2915.000
208.047  2915.000
208.141  2915.000
208.219  2915.000
208.297  2915.000
208.359  2915.000
208.422  2915.000
208.500  2915.000
208.547  2915.000
208.625  2915.000
208.703  2915.000
208.766  2915.000
208.844  2915.000
208.891  2915.000
208.938  2915.000
208.984  2915.000
209.063  2915.000
209.109  2915.000
209.156  2915.000
209.203  2915.000
209.250  2915.000
209.344  2915.000
209.422  2915.000
209.484  2915.000
209.531  2915.000
209.578  2915.000
209.656  2915.000
209.734  2915.000
209.828  2915.000
209.906  2915.000
209.953  2915.000
210.000  2915.000
210.047  2915.000
210.094  2915.000
210.188  2915.000
210.250  2915.000
210.328  2915.000
210.406  2915.000
210.469  2915.000
210.547  2915.000
210.594  2915.000
210.641  2915.000
210.688  2915.000
210.734  2915.000
210.844  2915.000
210.891  2915.000
210.969  2915.000
211.031  2915.000
211.094  2915.000
211.172  2915.000
211.266  2915.000
211.328  2915.000
211.391  2915.000
211.453  2915.000
211.516  2915.000
211.594  2915.000
211.656  2915.000
211.750  2915.000
211.828  2915.000
211.875  2915.000
211.922  2915.000
212.000  2915.000
212.063  2915.000
212.141  2915.000
212.219  2915.000
212.313  2915.000
212.359  2915.000
212.406  2915.000
212.453  2915.000
212.531  2915.000
212.609  2915.000
212.688  2915.000
212.781  2915.000
212.859  2915.000
212.938  2915.000
213.016  2915.000
213.063  2915.000
213.109  2915.000
213.172  2915.000
213.234  2915.000
213.297  2915.000
213.375  2915.000
213.469  2915.000
213.563  2915.000
213.625  2915.000
213.688  2915.429
213.750  2913.286
213.797  2912.571
213.844  2913.286
213.906  2915.429
214.000  2915.000
214.063  2915.000
214.125  2915.000
214.219  2915.000
214.313  2915.000
214.375  2915.000
214.438  2915.000
214.484  2915.000
214.563  2915.000
214.641  2915.000
214.719  2915.000
214.781  2915.000
214.828  2915.000
214.938  2915.000
215.000  2915.000
215.078  2915.429
215.172  2913.286
215.250  2912.571
215.328  2913.714
215.391  2914.143
215.484  2910.857
215.578  2911.286
215.641  2912.000
215.703  2913.000
215.766  2913.286
215.813  2915.857
215.859  2913.286
215.938  2913.000
215.984  2912.000
216.047  2911.714
216.125  2909.143
216.172  2911.714
216.219  2912.000
216.297  2913.000
216.375  2913.286
216.453  2915.429
216.500  2915.000
216.547  2915.000
216.609  2915.000
216.672  2915.000
216.734  2915.429
216.797  2913.714
216.891  2911.286
216.984  2909.571
217.047  2909.571
217.094  2911.714
217.188  2912.000
217.250  2913.429
217.313  2911.571
217.375  2913.429
217.469  2912.000
217.547  2911.714
217.625  2909.143
217.688  2911.714
217.781  2912.429
217.828  2911.714
217.922  2909.571
217.969  2910.000
218.016  2910.000
218.094  2910.000
218.156  2910.000
218.234  2910.000
218.328  2910.000
218.406  2910.000
218.484  2910.000
218.563  2910.000
218.625  2910.000
218.688  2910.000
218.734  2910.000
218.797  2910.000
218.891  2910.000
218.953  2910.000
219.000  2910.000
219.063  2910.000
219.156  2910.000
219.219  2910.000
219.266  2910.000
219.313  2910.000
219.375  2910.000
219.438  2910.000
219.516  2910.000
219.609  2910.000
219.672  2910.000
219.750  2910.000
219.797  2910.000
219.844  2910.000
219.938  2910.000
220.016  2910.000
220.109  2910.000
220.156  2910.000
220.250  2910.000
220.328  2910.000
220.375  2910.000
220.453  2910.000
220.531  2910.000
220.578  2910.000
220.625  2910.000
220.672  2910.000
220.719  2910.000
220.766  2910.000
220.859  2910.000
220.938  2910.000
221.031  2910.000
221.094  2910.000
221.156  2910.000
221.219  2910.429
221.281  2908.286
221.344  2908.000
221.391  2906.571
221.453  2908.000
221.516  2908.714
221.563  2909.143
221.609  2905.857
221.703  2905.857
221.797  2909.143
221.891  2909.143
221.969  2906.286
222.016  2904.143
222.078  2906.286
222.156  2909.143
222.234  2909.143
222.297  2906.286
222.391  2904.571
222.484  2905.000
222.531  2904.571
222.609  2906.714
222.688  2907.000
222.734  2908.429
222.813  2906.571
222.906  2908.429
222.969  2907.000
223.047  2906.714
223.109  2904.571
223.156  2905.000
223.234  2905.000
223.281  2905.000
223.344  2905.000
223.422  2905.000
223.484  2905.000
223.547  2905.000
223.641  2905.000
223.719  2905.000
223.781  2905.000
223.828  2905.000
223.875  2905.000
223.953  2905.000
224.031  2905.000
224.109  2905.000
224.172  2905.000
224.250  2905.000
224.297  2905.000
224.344  2905.000
224.438  2905.000
224.516  2905.000
224.609  2905.000
224.656  2905.000
224.703  2905.000
224.750  2905.000
224.828  2905.000
224.906  2905.000
224.953  2905.000
225.063  2905.000
225.156  2905.000
225.234  2905.000
225.281  2905.000
225.359  2905.000
225.438  2905.000
225.500  2905.000
225.594  2905.000
225.688  2905.000
225.781  2905.000
225.828  2905.000
225.875  2905.000
225.922  2905.000
225.969  2905.000
226.031  2905.000
226.094  2905.000
226.156  2905.000
226.219  2905.000
226.313  2905.000
226.391  2905.000
226.484  2905.000
226.563  2905.000
226.609  2905.000
226.672  2905.000
226.750  2905.000
226.828  2905.000
226.891  2905.429
226.984  2903.286
227.063  2902.571
227.156  2903.286
227.203  2905.429
227.281  2905.000
227.328  2905.000
227.375  2905.000
227.438  2905.429
227.500  2903.286
227.547  2903.000
227.594  2902.000
227.641  2901.286
227.719  2900.857
227.813  2903.714
227.875  2905.429
227.922  2905.000
228.000  2905.000
228.094  2905.000
228.141  2905.429
228.188  2903.286
228.234  2903.000
228.281  2901.571
228.375  2903.429
228.484  2901.571
228.563  2903.000
228.625  2903.714
228.719  2904.143
228.813  2901.286
228.906  2899.571
228.953  2900.000
229.047  2900.000
229.156  2900.000
229.234  2900.000
229.313  2900.000
229.359  2900.000
229.438  2900.000
229.500  2900.000
229.547  2900.000
229.641  2900.000
229.688  2900.000
229.781  2900.000
229.875  2900.000
229.969  2900.000
230.047  2900.000
230.125  2900.000
230.188  2900.000
230.266  2900.000
230.328  2900.000
230.375  2900.000
230.438  2900.000
230.516  2900.000
230.594  2900.000
230.672  2900.000
230.734  2900.000
230.781  2900.000
230.828  2900.000
230.906  2900.000
230.969  2900.000
231.047  2900.000
231.109  2900.000
231.172  2900.000
231.219  2900.000
231.266  2900.000
231.344  2900.000
231.422  2900.000
231.484  2900.000
231.547  2900.000
231.641  2900.000
231.703  2900.000
231.766  2900.000
231.859  2900.000
231.906  2900.000
232.000  2900.000
232.047  2900.000
232.141  2900.000
232.203  2900.000
232.250  2900.000
232.297  2900.000
232.344  2900.000
232.391  2900.000
232.453  2900.000
232.547  2900.000
232.641  2900.000
232.703  2900.000
232.750  2900.000
232.797  2900.000
232.875  2900.000
232.922  2900.000
232.969  2900.000
233.047  2900.000
233.141  2900.000
233.219  2900.000
233.297  2900.000
233.375  2900.000
233.469  2900.000
233.516  2900.429
233.563  2898.286
233.609  2897.571
233.656  2898.286
233.703  2900.429
233.750  2900.000
233.797  2900.000
233.859  2900.000
233.953  2900.000
234.000  2900.000
234.047  2900.000
234.125  2900.000
234.188  2900.000
234.234  2900.000
234.281  2900.000
234.344  2900.000
234.406  2900.000
234.453  2900.000
234.531  2900.000
234.594  2900.000
234.641  2900.000
234.703  2900.000
234.797  2900.000
234.844  2900.000
234.938  2900.000
235.031  2900.000
235.094  2900.000
235.188  2900.000
235.297  2900.000
235.391  2900.000
235.453  2900.000
235.516  2900.000
235.594  2900.000
235.656  2900.000
235.750  2900.000
235.797  2900.429
235.844  2898.714
235.953  2895.857
236.063  2895.857
236.141  2898.714
236.219  2900.429
236.281  2900.000
236.328  2900.000
236.375  2900.429
236.453  2898.714
236.500  2895.857
236.563  2895.857
236.625  2898.714
236.688  2900.429
236.766  2900.000
236.813  2900.000
236.875  2900.000
236.953  2900.000
237.016  2900.000
237.078  2900.000
237.156  2900.000
237.250  2900.000
237.328  2900.429
237.391  2898.286
237.453  2897.571
237.547  2898.286
237.641  2900.429
237.688  2900.429
237.750  2898.286
237.813  2897.571
237.906  2898.286
237.953  2900.429
238.031  2900.000
238.094  2900.429
238.156  2898.286
238.234  2898.000
238.328  2896.571
238.375  2898.000
238.438  2898.714
238.531  2899.143
238.641  2895.857
238.719  2895.857
238.813  2899.143
238.859  2899.143
238.938  2895.857
239.000  2895.857
239.078  2899.143
239.156  2899.143
239.203  2896.286
239.250  2894.143
239.359  2896.714
239.422  2897.429
239.484  2896.714
239.578  2894.571
239.641  2895.000
239.688  2895.000
239.750  2894.571
239.828  2896.714
239.875  2897.429
239.938  2896.714
239.984  2894.571
240.078  2895.000
240.156  2895.000
240.250  2895.000
240.297  2895.000
240.359  2895.000
240.453  2895.000
240.531  2895.000
240.578  2895.000
240.672  2895.000
240.766  2895.000
240.859  2894.571
240.938  2896.714
241.000  2897.429
241.078  2896.714
241.141  2894.571
241.188  2895.000
241.250  2895.000
241.328  2895.000
241.375  2895.000
241.469  2895.000
241.531  2895.000
241.594  2895.000
241.641  2895.000
241.688  2895.000
241.766  2895.000
241.844  2895.000
241.953  2895.000
242.047  2895.000
242.109  2895.000
242.172  2894.571
242.234  2896.714
242.281  2897.429
242.328  2896.714
242.406  2894.571
242.484  2895.000
242.563  2895.000
242.609  2895.000
242.688  2895.000
242.750  2895.000
242.813  2895.000
242.859  2895.000
242.938  2895.000
243.047  2895.000
243.125  2895.000
243.203  2895.000
243.297  2895.000
243.359  2895.000
243.422  2895.000
243.484  2895.000
243.531  2895.000
243.594  2895.000
243.672  2895.000
243.734  2895.000
243.781  2895.000
243.844  2895.000
243.906  2895.000
243.969  2895.000
244.063  2895.000
244.109  2895.000
244.172  2895.000
244.266  2895.000
244.328  2895.000
244.422  2895.000
244.484  2895.000
244.531  2895.000
244.578  2895.000
244.625  2895.000
244.688  2895.000
244.734  2895.000
244.797  2895.000
244.891  2895.000
244.938  2895.000
245.016  2895.000
245.078  2895.000
245.156  2895.000
245.219  2895.000
245.266  2895.000
245.375  2895.000
245.438  2895.000
245.531  2895.000
245.594  2895.000
245.656  2895.000
245.734  2895.000
245.797  2895.000
245.875  2895.000
245.953  2895.000
246.016  2895.000
246.078  2895.000
246.172  2895.000
246.250  2895.000
246.297  2895.000
246.359  2895.000
246.406  2895.000
246.469  2895.000
246.563  2895.000
246.625  2895.000
246.688  2895.000
246.781  2895.000
246.875  2895.000
246.953  2895.000
247.016  2895.000
247.109  2895.000
247.203  2895.000
247.250  2895.000
247.328  2895.000
247.422  2895.000
247.469  2895.000
247.563  2895.000
247.656  2895.000
247.703  2895.429
247.781  2893.286
247.875  2892.571
247.938  2893.286
248.031  2895.429
248.109  2895.000
248.172  2895.000
248.266  2895.000
248.359  2894.143
248.438  2898.000
248.500  2905.429
248.547  2884.571
248.625  2878.286
248.703  2881.857
248.797  2894.000
248.844  2880.429
248.938  2869.000
249.031  2852.143
249.078  2869.143
249.156  2893.143
249.234  2902.857
249.313  2891.571
249.359  2895.429
249.438  2895.000
249.531  2895.000
249.594  2895.000
249.641  2895.000
249.703  2895.000
249.766  2895.000
249.844  2895.429
249.922  2894.143
250.016  2890.000
250.125  2886.286
250.188  2882.857
250.234  2882.571
250.281  2883.286
250.344  2887.571
250.406  2876.000
250.469  2873.286
250.578  2883.143
250.672  2898.714
250.719  2897.143
250.797  2894.571
250.875  2895.429
250.969  2893.286
251.047  2892.571
251.094  2893.286
251.156  2895.429
251.234  2895.000
251.297  2895.000
251.344  2895.000
251.406  2895.000
251.500  2895.000
251.578  2895.000
251.672  2895.000
251.781  2895.000
251.844  2895.000
251.891  2895.000
251.953  2895.000
252.016  2895.000
252.078  2895.429
252.156  2887.286
252.344  2920.714
252.438  2839.714
252.500  2775.429
252.547  2778.857
252.625  2836.286
252.719  2863.571
252.828  2848.857
252.938  2844.429
252.984  2845.571
253.078  2847.429
253.156  2848.286
253.203  2842.571
253.297  2839.571
253.359  2838.714
253.422  2836.714
253.516  2833.714
253.578  2830.000
253.641  2826.286
253.703  2823.714
253.781  2820.429
253.875  2814.571
253.953  2811.286
254.000  2808.714
254.063  2804.571
254.125  2802.571
254.203  2802.429
254.281  2800.429
254.375  2797.143
254.453  2790.714
254.516  2780.857
254.578  2789.429
254.641  2798.714
254.688  2813.857
254.734  2794.286
254.828  2802.571
254.906  2798.857
254.953  2791.000
255.047  2761.000
255.094  2769.571
255.141  2791.143
255.188  2800.429
255.250  2797.429
255.313  2821.714
255.375  2825.429
255.438  2819.000
255.547  2811.143
255.641  2809.571
255.734  2803.143
255.813  2795.286
255.906  2807.429
255.969  2812.857
256.031  2816.857
256.094  2809.857
256.203  2804.429
256.266  2813.857
256.328  2816.571
256.391  2815.857
256.438  2810.429
256.484  2811.286
256.563  2812.000
256.641  2813.000
256.703  2813.714
256.797  2813.286
256.875  2814.286
256.953  2815.714
257.047  2817.143
257.109  2814.571
257.156  2814.571
257.219  2816.286
257.313  2818.714
257.406  2820.429
257.484  2820.000
257.578  2820.429
257.641  2818.286
257.688  2817.143
257.781  2820.429
257.844  2821.143
257.938  2819.286
258.000  2818.286
258.063  2818.714
258.125  2817.571
258.188  2818.286
258.250  2820.429
258.328  2820.000
258.406  2820.000
258.484  2820.000
258.578  2820.000
258.641  2820.429
258.703  2818.286
258.750  2817.571
258.797  2818.286
258.875  2820.429
259.000  2820.000
259.094  2820.000
259.141  2820.000
259.188  2820.000
259.266  2820.000
259.344  2820.000
259.453  2820.000
259.500  2820.000
259.594  2820.000
259.688  2820.000
259.766  2820.000
259.859  2820.000
259.938  2820.000
260.000  2820.000
260.063  2820.000
260.156  2820.000
260.203  2820.000
260.266  2820.000
260.313  2820.000
260.359  2820.000
260.422  2820.000
260.484  2820.000
260.547  2820.000
260.594  2820.000
260.672  2820.000
260.766  2820.000
260.828  2820.000
260.891  2820.000
260.953  2820.000
261.016  2820.000
261.078  2820.000
261.125  2820.000
261.188  2820.000
261.266  2820.000
261.328  2820.000
261.391  2820.000
261.484  2820.000
261.547  2820.000
261.641  2820.000
261.734  2820.000
261.828  2820.000
261.891  2820.000
261.953  2820.000
262.016  2820.000
262.078  2820.000
262.172  2820.000
262.266  2820.000
262.344  2820.000
262.406  2820.000
262.500  2820.000
262.563  2820.000
262.625  2820.000
262.688  2820.000
262.734  2820.000
262.797  2820.000
262.906  2820.000
262.984  2820.000
263.063  2820.000
263.125  2820.000
263.188  2820.000
263.250  2820.000
263.313  2820.000
263.391  2820.000
263.500  2820.000
263.578  2820.000
263.641  2820.000
263.703  2820.000
263.813  2820.000
263.891  2820.000
263.969  2820.000
264.031  2820.000
264.094  2820.000
264.203  2820.000
264.297  2820.000
264.406  2820.000
264.484  2820.000
264.547  2820.000
264.609  2820.000
264.719  2820.000
264.781  2820.000
264.844  2820.000
264.922  2820.000
265.016  2820.000
265.109  2820.000
265.172  2820.000
265.250  2820.000
265.313  2820.000
265.406  2820.000
265.469  2820.000
265.563  2820.429
265.625  2818.286
265.719  2817.571
265.781  2818.286
265.875  2820.429
265.938  2820.000
266.000  2820.000
266.078  2820.000
266.172  2820.000
266.250  2820.000
266.313  2820.000
266.406  2820.000
266.484  2820.000
266.531  2820.000
266.609  2820.000
266.703  2820.000
266.766  2820.000
266.844  2820.000
266.938  2820.000
267.000  2820.000
267.078  2820.000
267.141  2820.000
267.203  2820.000
267.281  2820.000
267.328  2820.000
267.375  2820.000
267.438  2820.000
267.500  2820.000
267.563  2820.000
267.625  2820.000
267.750  2820.000
267.828  2820.000
267.906  2820.000
267.969  2820.000
268.031  2820.000
268.078  2820.000
268.141  2820.429
268.234  2818.286
268.297  2817.571
268.375  2818.286
268.438  2820.429
268.500  2820.000
268.563  2820.000
268.656  2820.000
268.719  2820.000
268.813  2820.000
268.875  2820.000
268.922  2820.000
269.016  2820.000
269.094  2820.000
269.141  2820.429
269.234  2818.286
269.313  2817.571
269.375  2818.286
269.438  2820.429
269.516  2820.000
269.578  2820.000
269.672  2820.000
269.734  2820.000
269.797  2820.000
269.906  2820.000
269.969  2820.000
270.047  2820.000
270.109  2820.000
270.172  2820.000
270.266  2820.000
270.328  2820.000
270.391  2820.000
270.516  2820.429
270.594  2818.286
270.688  2817.571
270.750  2818.286
270.844  2820.429
270.906  2820.000
270.984  2820.000
271.094  2820.000
271.188  2820.000
271.266  2820.000
271.328  2820.000
271.391  2820.000
271.469  2820.000
271.563  2820.000
271.625  2820.000
271.688  2820.000
271.766  2820.000
271.828  2820.000
271.891  2820.000
271.953  2820.429
272.047  2818.286
272.141  2818.000
272.234  2816.571
272.297  2818.000
272.359  2818.286
272.438  2820.429
272.500  2820.000
272.594  2820.000
272.703  2820.429
272.797  2818.714
272.859  2815.857
272.953  2815.857
273.016  2818.714
273.078  2820.429
273.172  2820.429
273.234  2818.286
273.281  2817.571
273.359  2818.714
273.422  2819.143
273.500  2816.286
273.609  2814.143
273.672  2816.286
273.734  2819.143
273.844  2819.143
273.906  2816.286
274.000  2814.143
274.063  2816.714
274.141  2817.429
274.203  2816.714
274.297  2814.571
274.375  2815.000
274.438  2815.000
274.547  2815.000
274.641  2815.000
274.703  2814.571
274.766  2816.714
274.844  2817.429
274.922  2816.714
275.000  2814.571
275.078  2815.000
275.156  2815.000
275.219  2815.000
275.281  2814.571
275.344  2816.714
275.406  2817.429
275.484  2816.714
275.547  2814.571
275.609  2815.000
275.703  2815.000
275.766  2815.000
275.828  2815.000
275.906  2815.000
276.000  2815.000
276.078  2815.000
276.156  2815.000
276.250  2815.000
276.328  2815.000
276.391  2815.000
276.453  2815.000
276.531  2815.000
276.594  2815.000
276.672  2815.000
276.734  2815.000
276.797  2815.000
276.859  2815.000
276.922  2815.000
277.016  2815.000
277.094  2815.000
277.188  2815.000
277.281  2815.000
277.344  2815.000
277.406  2815.000
277.500  2815.000
277.594  2815.000
277.672  2815.000
277.734  2815.000
277.859  2815.000
277.953  2815.000
278.016  2815.000
278.094  2815.000
278.188  2815.000
278.250  2815.429
278.344  2813.286
278.406  2812.571
278.500  2813.286
278.578  2815.857
278.641  2813.286
278.719  2812.571
278.781  2813.286
278.859  2815.857
278.953  2813.286
279.031  2812.571
279.109  2813.286
279.156  2815.429
279.234  2815.000
279.313  2815.000
279.375  2815.000
279.422  2815.000
279.500  2815.429
279.578  2813.714
279.641  2810.857
279.703  2810.857
279.766  2814.143
279.828  2813.714
279.938  2812.571
280.000  2813.714
280.109  2814.143
280.219  2811.286
280.281  2809.571
280.344  2810.000
280.406  2810.000
280.500  2810.000
280.563  2810.000
280.625  2810.000
280.688  2810.000
280.781  2809.571
280.891  2811.714
280.969  2812.429
281.063  2811.714
281.172  2809.571
281.250  2810.429
281.313  2808.286
281.406  2807.571
281.469  2808.714
281.563  2808.286
281.641  2809.286
281.734  2810.286
281.813  2813.857
281.891  2812.000
281.984  2811.714
282.047  2809.571
282.109  2810.000
282.188  2810.000
282.250  2810.000
282.297  2810.000
282.359  2810.000
282.469  2810.000
282.547  2810.000
282.641  2810.000
282.703  2810.000
282.766  2810.000
282.828  2810.000
282.891  2810.000
282.953  2810.000
283.063  2810.000
283.125  2810.000
283.188  2810.000
283.250  2810.000
283.328  2810.000
283.422  2810.000
283.484  2810.000
283.563  2810.000
283.625  2810.000
283.703  2810.000
283.766  2810.000
283.828  2810.000
283.891  2810.000
283.984  2810.000
284.047  2810.000
284.141  2810.000
284.219  2810.000
284.297  2810.000
284.375  2810.000
284.438  2810.000
284.500  2810.000
284.563  2810.000
284.625  2810.000
284.703  2810.000
284.797  2810.000
284.875  2810.000
284.953  2810.000
285.047  2810.000
285.109  2810.000
285.203  2810.000
285.266  2810.000
285.344  2810.000
285.406  2810.000
285.484  2810.000
285.547  2810.000
285.641  2810.000
285.703  2810.000
285.750  2810.000
285.828  2810.000
285.922  2810.000
286.000  2810.000
286.047  2810.000
286.141  2810.000
286.250  2810.000
286.328  2810.000
286.406  2810.000
286.484  2810.000
286.563  2810.000
286.625  2810.000
286.719  2810.000
286.813  2810.000
286.859  2810.000
286.938  2810.000
287.016  2810.000
287.078  2810.000
287.156  2810.000
287.219  2810.000
287.281  2810.000
287.375  2810.000
287.469  2810.000
287.547  2810.000
287.641  2810.000
287.719  2810.000
287.781  2810.000
287.844  2810.000
287.938  2810.000
288.016  2810.000
288.125  2810.000
288.188  2810.000
288.250  2810.000
288.313  2810.000
288.375  2810.000
288.438  2810.000
288.516  2810.000
288.578  2810.000
288.656  2810.000
288.734  2810.000
288.797  2810.000
288.875  2810.000
288.953  2810.000
289.047  2810.000
289.109  2809.571
289.203  2811.714
289.266  2812.429
289.328  2811.714
289.406  2809.571
289.469  2810.000
289.547  2809.571
289.641  2811.286
289.719  2814.143
289.797  2814.143
289.891  2811.286
289.969  2809.143
290.031  2811.714
290.109  2812.429
290.172  2811.714
290.234  2809.571
290.297  2810.000
290.359  2810.000
290.453  2810.000
290.547  2810.000
290.609  2810.000
290.672  2809.571
290.766  2811.714
290.859  2812.429
290.969  2811.714
291.031  2809.571
291.125  2810.000
291.188  2809.571
291.266  2811.714
291.328  2812.429
291.391  2811.286
291.469  2811.286
291.578  2812.429
291.641  2811.286
291.703  2811.286
291.766  2812.429
291.828  2811.714
291.891  2809.571
292.000  2810.000
292.063  2810.000
292.141  2810.000
292.203  2810.000
292.266  2810.000
292.344  2810.000
292.438  2809.571
292.516  2811.714
292.578  2812.429
292.641  2811.286
292.766  2811.286
292.828  2812.000
292.891  2813.429
292.969  2811.571
293.031  2813.429
293.094  2812.000
293.203  2811.714
293.266  2809.571
293.344  2810.000
293.406  2809.571
293.500  2811.714
293.594  2812.429
293.656  2811.714
293.719  2809.571
293.781  2809.571
293.844  2811.714
293.922  2812.000
294.000  2813.000
294.125  2813.286
294.188  2815.857
294.250  2813.286
294.359  2812.571
294.422  2813.714
294.500  2813.714
294.563  2813.000
294.625  2812.000
294.688  2811.714
294.750  2809.571
294.828  2810.000
294.922  2810.000
294.984  2810.000
295.094  2810.000
295.172  2809.571
295.234  2811.286
295.297  2814.143
295.359  2814.143
295.422  2810.857
295.516  2811.286
295.578  2812.429
295.641  2811.714
295.719  2809.571
295.797  2810.000
295.859  2810.000
295.953  2810.000
296.016  2810.000
296.125  2810.000
296.219  2810.000
296.328  2810.000
296.391  2810.000
296.453  2810.000
296.516  2810.000
296.594  2810.000
296.656  2810.000
296.719  2810.000
296.813  2810.000
296.875  2810.000
296.938  2810.000
297.016  2810.000
297.109  2810.000
297.172  2810.000
297.266  2810.000
297.375  2810.000
297.469  2810.000
297.547  2810.000
297.609  2810.000
297.703  2809.571
297.766  2811.714
297.828  2812.429
297.891  2811.714
297.984  2809.143
298.047  2811.714
298.109  2812.000
298.188  2813.429
298.281  2812.000
298.344  2811.286
298.406  2810.857
298.516  2813.714
298.578  2815.857
298.641  2813.714
298.719  2810.857
298.797  2811.286
298.906  2812.429
298.969  2811.714
299.031  2809.143
299.094  2811.714
299.188  2812.000
299.266  2813.000
299.344  2813.714
299.406  2814.143
299.516  2811.286
299.578  2809.571
299.672  2809.571
299.750  2811.714
299.813  2812.429
299.875  2811.714
299.969  2809.143
300.047  2811.714
300.109  2812.429
300.172  2811.714
300.250  2809.143
300.328  2811.286
300.406  2813.714
300.484  2815.429
300.547  2815.429
300.625  2813.286
300.703  2812.571
300.781  2813.714
300.906  2814.143
300.969  2810.857
301.031  2810.857
301.141  2813.714
301.234  2815.857
301.297  2813.714
301.359  2810.857
301.422  2810.857
301.516  2813.714
301.578  2815.429
301.656  2815.429
301.719  2813.714
301.797  2810.857
301.891  2810.857
301.984  2814.143
302.078  2814.143
302.172  2810.857
302.250  2811.286
302.328  2812.000
302.391  2813.000
302.484  2813.714
302.547  2813.714
302.609  2813.000
302.703  2811.571
302.781  2813.000
302.844  2813.286
302.922  2815.429
302.984  2815.000
303.094  2815.000
303.203  2815.000
303.266  2815.429
303.391  2813.286
303.469  2812.571
303.531  2813.286
303.656  2815.429
303.719  2815.429
303.781  2813.286
303.844  2813.000
303.906  2811.571
304.000  2813.000
304.063  2813.286
304.125  2815.429
304.219  2815.000
304.297  2815.429
304.375  2813.286
304.438  2813.000
304.516  2812.000
304.578  2811.286
304.641  2811.286
304.719  2812.000
304.781  2813.000
304.844  2813.286
304.922  2815.429
305.000  2815.429
305.078  2813.714
305.188  2811.286
305.250  2809.571
305.344  2810.000
305.406  2810.000
305.469  2810.000
305.563  2810.000
305.672  2810.000
305.781  2810.000
305.844  2810.000
305.938  2810.000
306.000  2810.000
306.063  2809.571
306.125  2811.714
306.219  2812.000
306.297  2813.429
306.359  2811.571
306.469  2813.429
306.547  2811.571
306.656  2813.429
306.719  2812.000
306.781  2811.286
306.875  2811.286
306.938  2812.429
307.031  2811.714
307.125  2809.571
307.219  2810.000
307.281  2810.000
307.344  2810.000
307.406  2810.000
307.469  2810.000
307.531  2810.000
307.625  2810.000
307.766  2810.000
307.859  2810.000
307.969  2810.000
308.047  2810.000
308.109  2810.000
308.172  2810.000
308.234  2810.000
308.328  2810.000
308.391  2810.000
308.453  2810.000
308.516  2810.000
308.609  2810.000
308.672  2810.000
308.734  2810.000
308.797  2810.000
308.859  2810.000
308.922  2809.571
308.984  2811.714
309.063  2812.429
309.125  2811.714
309.188  2809.571
309.281  2810.000
309.359  2810.000
309.422  2810.000
309.484  2810.000
309.547  2810.000
309.641  2810.000
309.719  2810.000
309.781  2810.000
309.875  2810.000
309.953  2810.000
310.016  2810.000
310.094  2810.000
310.156  2810.000
310.219  2810.000
310.313  2810.000
310.391  2810.000
310.469  2810.000
310.563  2810.000
310.641  2810.000
310.703  2810.000
310.797  2810.000
310.906  2810.000
311.000  2810.000
311.078  2810.000
311.172  2810.000
311.234  2810.000
311.297  2810.000
311.359  2810.000
311.422  2810.000
311.484  2810.000
311.578  2810.000
311.641  2810.000
311.750  2809.571
311.828  2811.714
311.891  2812.429
311.984  2811.714
312.078  2809.571
312.141  2810.000
312.234  2809.571
312.297  2811.714
312.359  2812.000
312.484  2813.429
312.578  2812.000
312.641  2811.714
312.703  2809.571
312.797  2810.000
312.859  2810.000
312.922  2810.000
313.000  2810.000
313.078  2810.000
313.172  2810.000
313.234  2809.571
313.297  2811.714
313.359  2812.429
313.438  2811.714
313.531  2809.571
313.594  2809.571
313.688  2811.286
313.797  2814.143
313.859  2814.143
313.922  2810.857
313.984  2810.857
314.063  2813.714
314.125  2815.429
314.203  2815.429
314.281  2813.286
314.344  2812.571
314.453  2813.286
314.516  2815.429
314.609  2815.000
314.703  2815.000
314.766  2815.000
314.844  2815.000
314.953  2815.000
315.047  2815.000
315.156  2815.000
315.219  2815.000
315.313  2815.000
315.391  2815.000
315.453  2815.000
315.516  2815.000
315.578  2815.000
315.641  2815.000
315.703  2815.000
315.797  2815.000
315.859  2815.000
315.922  2815.000
316.000  2815.000
316.063  2815.000
316.141  2815.000
316.234  2815.000
316.297  2815.000
316.406  2815.000
316.516  2815.000
316.578  2815.000
316.656  2815.000
316.734  2815.000
316.797  2815.000
316.859  2815.000
316.953  2815.000
317.031  2815.000
317.094  2815.000
317.188  2815.000
317.281  2815.000
317.344  2815.000
317.406  2815.000
317.500  2815.000
317.563  2815.000
317.625  2815.000
317.688  2815.000
317.750  2815.000
317.813  2815.000
317.922  2815.000
318.000  2815.000
318.109  2815.000
318.203  2815.000
318.297  2815.000
318.375  2814.571
318.500  2816.286
318.578  2819.143
318.641  2818.714
318.703  2818.000
318.797  2817.000
318.875  2816.714
318.938  2814.571
319.016  2815.000
319.109  2815.000
319.203  2815.000
319.266  2815.000
319.328  2815.000
319.391  2814.571
319.453  2816.714
319.516  2817.429
319.594  2816.714
319.656  2814.143
319.719  2816.714
319.813  2817.429
319.891  2816.286
319.969  2816.286
