1343.418  26.210
1343.668  26.210
1343.917  26.210
1344.183  26.210
1344.432  26.210
1344.682  26.210
1344.931  26.210
1345.181  26.210
1345.431  26.210
1345.680  26.210
1345.930  26.210
1346.179  26.210
1346.429  26.210
1346.679  26.210
1346.928  26.210
1347.178  26.210
1347.428  26.210
1347.677  26.210
1347.942  26.210
1348.192  26.210
1348.442  26.210
1348.691  26.210
1348.941  26.210
1349.190  26.210
1349.440  26.210
1349.690  26.210
1349.939  26.210
1350.189  26.210
1350.438  26.210
1350.704  26.210
1350.953  26.210
1351.203  26.201
1351.452  26.201
1351.702  26.201
1351.952  26.201
1352.201  26.201
1352.451  26.201
1352.700  26.201
1352.950  26.201
1353.215  26.201
1353.465  26.201
1353.714  26.201
1353.964  26.201
1354.214  26.201
1354.463  26.201
1354.713  26.201
1354.962  26.201
1355.228  26.201
1355.477  26.201
1355.727  26.201
1355.976  26.201
1356.226  26.201
1356.476  26.201
1356.725  26.201
1356.990  26.201
1357.240  26.201
1357.490  26.201
1357.739  26.201
1357.989  26.201
1358.238  26.201
1358.488  26.201
1358.753  26.201
1359.003  26.196
1359.252  26.196
1359.502  26.196
1359.752  26.196
1360.017  26.196
1360.266  26.196
1360.516  26.196
1360.766  26.196
1361.015  26.196
1361.265  26.196
1361.514  26.196
1361.780  26.196
1362.029  26.196
1362.279  26.196
1362.528  26.196
1362.778  26.196
1363.028  26.196
1363.293  26.196
1363.542  26.196
1363.792  26.196
1364.042  26.196
1364.291  26.196
1364.556  26.196
1364.806  26.196
1365.056  26.196
1365.305  26.196
1365.555  26.196
1365.804  26.196
1366.070  26.196
1366.319  26.196
1366.569  26.196
1366.818  26.245
1367.068  26.245
1367.333  26.245
1367.583  26.245
1367.832  26.245
1368.082  26.245
1368.332  26.245
1368.581  26.245
1368.846  26.245
1369.096  26.245
1369.346  26.245
1369.595  26.245
1369.845  26.245
1370.110  26.245
1370.360  26.245
1370.609  26.245
1370.859  26.245
1371.108  26.245
1371.358  26.245
1371.623  26.245
1371.873  26.245
1372.122  26.245
1372.372  26.245
1372.622  26.245
1372.887  26.245
1373.136  26.245
1373.386  26.245
1373.651  26.245
1373.901  26.245
1374.150  26.245
1374.400  26.245
1374.650  26.209
1374.915  26.209
1375.164  26.209
1375.414  26.209
1375.679  26.209
1375.929  26.209
1376.178  26.209
1376.428  26.209
1376.693  26.209
1376.943  26.209
1377.192  26.209
1377.442  26.209
1377.707  26.209
1377.957  26.209
1378.207  26.209
1378.472  26.209
1378.721  26.209
1378.971  26.209
1379.236  26.209
1379.486  26.209
1379.735  26.209
1379.985  26.209
1380.250  26.209
1380.500  26.209
1380.749  26.209
1381.015  26.209
1381.264  26.209
1381.514  26.209
1381.779  26.209
1382.029  26.209
1382.278  26.209
1382.543  21.356
1382.793  21.356
1383.043  21.356
1383.308  21.356
1383.557  21.356
1383.807  21.356
1384.072  21.356
1384.322  21.356
1384.571  21.356
1384.837  21.356
1385.086  21.356
1385.336  21.356
1385.601  21.356
1385.851  21.356
1386.100  21.356
1386.365  21.356
1386.615  21.356
1386.880  21.356
1387.130  21.356
1387.379  21.356
1387.645  21.356
1387.894  21.356
1388.144  21.356
1388.409  21.356
1388.659  21.356
1388.908  21.356
1389.173  21.356
1389.423  21.356
1389.673  21.356
1389.938  21.356
1390.187  21.356
1390.453  25.846
1390.702  25.846
1390.952  25.846
1391.217  25.846
1391.467  25.846
1391.732  25.846
1391.981  25.846
1392.231  25.846
1392.496  25.846
1392.746  25.846
1393.011  25.846
1393.261  25.846
1393.510  25.846
1393.775  25.846
1394.025  25.846
1394.290  25.846
1394.540  25.846
1394.789  25.846
1395.055  25.846
1395.304  25.846
1395.569  25.846
1395.819  25.846
1396.069  25.846
1396.334  25.846
1396.583  25.846
1396.849  25.846
1397.098  25.846
1397.348  25.846
1397.613  25.846
1397.863  25.846
1398.128  25.846
1398.377  26.239
1398.643  26.239
1398.892  26.239
1399.142  26.239
1399.407  26.239
1399.657  26.239
1399.922  26.239
1400.171  26.239
1400.421  26.239
1400.686  26.239
1400.936  26.239
1401.201  26.239
1401.451  26.239
1401.700  26.239
1401.965  26.239
1402.215  26.239
1402.480  26.239
1402.730  26.239
1402.995  26.239
1403.245  26.239
1403.510  26.239
1403.759  26.239
1404.009  26.239
1404.274  26.239
1404.524  26.239
1404.789  26.239
1405.039  26.239
1405.304  26.239
1405.553  26.239
1405.819  26.239
1406.068  26.239
1406.333  26.218
1406.583  26.218
1406.833  26.218
1407.098  26.218
1407.347  26.218
1407.613  26.218
1407.862  26.218
1408.127  26.218
1408.377  26.218
1408.642  26.218
1408.892  26.218
1409.157  26.218
1409.407  26.218
1409.672  26.218
1409.922  26.218
1410.187  26.218
1410.436  26.218
1410.702  26.218
1410.951  26.218
1411.216  26.218
1411.466  26.218
1411.731  26.218
1411.981  26.218
1412.246  26.218
1412.496  26.218
1412.761  26.218
1413.010  26.218
1413.276  26.218
1413.525  26.218
1413.790  26.218
1414.040  26.218
1414.305  26.228
1414.555  26.228
1414.820  26.228
1415.070  26.228
1415.335  26.228
1415.584  26.228
1415.850  26.228
1416.099  26.228
1416.364  26.228
1416.614  26.228
1416.879  26.228
1417.129  26.228
1417.394  26.228
1417.644  26.228
1417.909  26.228
1418.158  26.228
1418.424  26.228
1418.673  26.228
1418.938  26.228
1419.204  26.228
1419.453  26.228
1419.718  26.228
1419.968  26.228
1420.233  26.228
1420.483  26.228
1420.748  26.228
1420.998  26.228
1421.263  26.228
1421.512  26.228
1421.778  26.228
1422.043  26.228
1422.292  26.199
1422.558  26.199
1422.807  26.199
1423.072  26.199
1423.322  26.199
1423.587  26.199
1423.852  26.199
1424.102  26.199
1424.367  26.199
1424.617  26.199
1424.882  26.199
1425.132  26.199
1425.397  26.199
1425.662  26.199
1425.912  26.199
1426.177  26.199
1426.426  26.199
1426.692  26.199
1426.957  26.199
1427.206  26.199
1427.472  26.199
1427.721  26.199
1427.986  26.199
1428.236  26.199
1428.517  26.199
1428.782  26.199
1429.032  26.199
1429.297  26.199
1429.546  26.199
1429.812  26.199
1430.077  26.199
1430.326  26.092
1430.592  26.092
1430.841  26.092
1431.106  26.092
1431.356  26.092
1431.621  26.092
1431.886  26.092
1432.136  26.092
1432.401  26.092
1432.651  26.092
1432.916  26.092
1433.166  26.092
1433.431  26.092
1433.680  26.092
1433.946  26.092
1434.211  26.092
1434.460  26.092
1434.726  26.092
1434.975  26.092
1435.240  26.092
1435.506  26.092
1435.755  26.092
1436.020  26.092
1436.270  26.092
1436.535  26.092
1436.800  26.092
1437.050  26.092
1437.315  26.092
1437.565  26.092
1437.830  26.092
1438.095  26.092
1438.345  25.945
1438.610  25.945
1438.860  25.945
1439.125  25.945
1439.390  25.945
1439.640  25.945
1439.905  25.945
1440.155  25.945
1440.420  25.945
1440.669  25.945
1440.935  25.945
1441.200  25.945
1441.449  25.945
1441.715  25.945
1441.980  25.945
1442.229  25.945
1442.495  25.945
1442.744  25.945
1443.009  25.945
1443.275  25.945
1443.540  25.945
1443.789  25.945
1444.055  25.945
1444.320  25.945
1444.569  25.945
1444.835  25.945
1445.100  25.945
1445.349  25.945
1445.615  25.945
1445.880  25.945
1446.129  25.945
1446.395  25.752
1446.660  25.752
1446.909  25.752
1447.175  25.752
1447.440  25.752
1447.705  25.752
1447.955  25.752
1448.220  25.752
1448.485  25.752
1448.735  25.752
1449.000  25.752
1449.265  25.752
1449.515  25.752
1449.780  25.752
1450.045  25.752
1450.295  25.752
1450.560  25.752
1450.825  25.752
1451.075  25.752
1451.340  25.752
1451.605  25.752
1451.870  25.752
1452.120  25.752
1452.385  25.752
1452.650  25.752
1452.900  25.752
1453.165  25.752
1453.430  25.752
1453.695  25.752
1453.945  25.752
1454.210  25.752
1454.475  25.583
1454.741  25.583
1454.990  25.583
1455.255  25.583
1455.521  25.583
1455.770  25.583
1456.035  25.583
1456.301  25.583
1456.566  25.583
1456.815  25.583
1457.081  25.583
1457.346  25.583
1457.611  25.583
1457.861  25.583
1458.126  25.583
1458.391  25.583
1458.641  25.583
1458.906  25.583
1459.171  25.583
1459.436  25.583
1459.686  25.583
1459.951  25.583
1460.216  25.583
1460.481  25.583
1460.731  25.583
1460.996  25.583
1461.261  25.583
1461.527  25.583
1461.776  25.583
1462.041  25.583
1462.307  25.583
1462.572  25.611
1462.821  25.611
1463.087  25.611
1463.352  25.611
1463.617  25.611
1463.882  25.611
1464.132  25.611
1464.397  25.611
1464.662  25.611
1464.927  25.611
1465.177  25.611
1465.442  25.611
1465.707  25.611
1465.973  25.611
1466.222  25.611
1466.487  25.611
1466.753  25.611
1467.018  25.611
1467.267  25.611
1467.533  25.611
1467.798  25.611
1468.063  25.611
1468.328  25.611
1468.578  25.611
1468.843  25.611
1469.108  25.611
1469.373  25.611
1469.639  25.611
1469.888  25.611
1470.153  25.611
1470.419  25.611
1470.684  25.572
1470.949  25.572
1471.199  25.572
1471.464  25.572
1471.729  25.572
1471.994  25.572
1472.260  25.572
1472.509  25.572
1472.774  25.572
1473.040  25.572
1473.305  25.572
1473.570  25.572
1473.820  25.572
1474.085  25.572
1474.350  25.572
1474.615  25.572
1474.880  25.572
1475.146  25.572
1475.395  25.572
1475.660  25.572
1475.926  25.572
1476.191  25.572
1476.456  25.572
1476.721  25.572
1476.971  25.572
1477.236  25.572
1477.501  25.572
1477.766  25.572
1478.032  25.572
1478.297  25.572
1478.562  25.572
1478.812  25.496
1479.077  25.496
1479.342  25.496
1479.607  25.496
1479.872  25.496
1480.138  25.496
1480.387  25.496
1480.652  25.496
1480.918  25.496
1481.183  25.496
1481.448  25.496
1481.713  25.496
1481.978  25.496
1482.244  25.496
1482.493  25.496
1482.758  25.496
1483.024  25.496
1483.289  25.496
1483.554  25.496
1483.819  25.496
1484.084  25.496
1484.350  25.496
1484.615  25.496
1484.880  25.496
1485.130  25.496
1485.395  25.496
1485.660  25.496
1485.925  25.496
1486.190  25.496
1486.456  25.496
1486.721  25.496
1486.986  25.382
1487.251  25.382
1487.501  25.382
1487.766  25.382
1488.031  25.382
1488.296  25.382
1488.562  25.382
1488.827  25.382
1489.092  25.382
1489.357  25.382
1489.607  25.382
1489.872  25.382
1490.137  25.382
1490.402  25.382
1490.668  25.382
1490.933  25.382
1491.198  25.382
1491.463  25.382
1491.728  25.382
1491.978  25.382
1492.243  25.382
1492.508  25.382
1492.774  25.382
1493.039  25.382
1493.304  25.382
1493.569  25.382
1493.834  25.382
1494.100  25.382
1494.365  25.382
1494.630  25.382
1494.880  25.382
1495.145  25.228
1495.410  25.228
1495.675  25.228
1495.940  25.228
1496.206  25.228
1496.471  25.228
1496.736  25.228
1497.001  25.228
1497.266  25.228
1497.516  25.228
1497.781  25.228
1498.046  25.228
1498.312  25.228
1498.577  25.228
1498.842  25.228
1499.107  25.228
1499.372  25.228
1499.638  25.228
1499.903  25.228
1500.168  25.228
1500.433  25.228
1500.698  25.228
1500.964  25.228
1501.229  25.228
1501.494  25.228
1501.759  25.228
1502.024  25.228
1502.290  25.228
1502.555  25.228
1502.820  25.228
1503.085  25.228
1503.351  25.081
1503.616  25.081
1503.881  25.081
1504.146  25.081
1504.411  25.081
1504.677  25.081
1504.942  25.081
1505.207  25.081
1505.472  25.081
1505.737  25.081
1506.003  25.081
1506.268  25.081
1506.533  25.081
1506.798  25.081
1507.048  25.081
1507.313  25.081
1507.578  25.081
1507.843  25.081
1508.109  25.081
1508.374  25.081
1508.655  25.081
1508.920  25.081
1509.185  25.081
1509.450  25.081
1509.715  25.081
1509.981  25.081
1510.246  25.081
1510.511  25.081
1510.776  25.081
1511.041  25.081
1511.307  25.081
1511.572  24.868
1511.837  24.868
1512.102  24.868
1512.367  24.868
1512.633  24.868
1512.898  24.868
1513.163  24.868
1513.428  24.868
1513.693  24.868
1513.959  24.868
1514.224  24.868
1514.489  24.868
1514.754  24.868
1515.019  24.868
1515.285  24.868
1515.550  24.868
1515.815  24.868
1516.080  24.868
1516.345  24.868
1516.611  24.868
1516.876  24.868
1517.141  24.868
1517.406  24.868
1517.671  24.868
1517.937  24.868
1518.202  24.868
1518.467  24.868
1518.732  24.868
1519.013  24.868
1519.278  24.868
1519.543  24.868
1519.809  24.679
1520.074  24.679
1520.339  24.679
1520.604  24.679
1520.869  24.679
1521.135  24.679
1521.400  24.679
1521.665  24.679
1521.930  24.679
1522.195  24.679
1522.461  24.679
1522.726  24.679
1522.991  24.679
1523.256  24.679
1523.537  24.679
1523.802  24.679
1524.067  24.679
1524.333  24.679
1524.598  24.679
1524.863  24.679
1525.128  24.679
1525.393  24.679
1525.659  24.679
1525.924  24.679
1526.189  24.679
1526.454  24.679
1526.719  24.679
1527.000  24.679
1527.265  24.679
1527.531  24.679
1527.796  24.679
1528.061  24.484
1528.326  24.484
1528.591  24.484
1528.857  24.484
1529.122  24.484
1529.387  24.484
1529.652  24.484
1529.933  24.484
1530.198  24.484
1530.463  24.484
1530.729  24.484
1530.994  24.484
1531.259  24.484
1531.524  24.484
1531.789  24.484
1532.055  24.484
1532.320  24.484
1532.601  24.484
1532.866  24.484
1533.131  24.484
1533.396  24.484
1533.661  24.484
1533.927  24.484
1534.192  24.484
1534.473  24.484
1534.738  24.484
1535.003  24.484
1535.268  24.484
1535.534  24.484
1535.799  24.484
1536.064  24.484
1536.345  24.339
1536.610  24.339
1536.875  24.339
1537.140  24.339
1537.406  24.339
1537.686  24.339
1537.952  24.339
1538.217  24.339
1538.482  24.339
1538.747  24.339
1539.012  24.339
1539.278  24.339
1539.558  24.339
1539.824  24.339
1540.089  24.339
1540.354  24.339
1540.619  24.339
1540.884  24.339
1541.150  24.339
1541.430  24.339
1541.696  24.339
1541.961  24.339
1542.226  24.339
1542.491  24.339
1542.772  24.339
1543.037  24.339
1543.302  24.339
1543.568  24.339
1543.833  24.339
1544.098  24.339
1544.379  24.339
1544.644  24.251
1544.909  24.251
1545.174  24.251
1545.455  24.251
1545.720  24.251
1545.986  24.251
1546.251  24.251
1546.516  24.251
1546.781  24.251
1547.062  24.251
1547.327  24.251
1547.592  24.251
1547.858  24.251
1548.138  24.251
1548.404  24.251
1548.669  24.251
1548.934  24.251
1549.199  24.251
1549.480  24.251
1549.745  24.251
1550.010  24.251
1550.276  24.251
1550.541  24.251
1550.822  24.251
1551.087  24.251
1551.352  24.251
1551.617  24.251
1551.898  24.251
1552.163  24.251
1552.428  24.251
1552.694  24.251
1552.974  24.212
1553.240  24.212
1553.505  24.212
1553.770  24.212
1554.035  24.212
1554.316  24.212
1554.581  24.212
1554.846  24.212
1555.127  24.212
1555.392  24.212
1555.658  24.212
1555.923  24.212
1556.204  24.212
1556.469  24.212
1556.734  24.212
1556.999  24.212
1557.280  24.212
1557.545  24.212
1557.810  24.212
1558.076  24.212
1558.356  24.212
1558.622  24.212
1558.887  24.212
1559.152  24.212
1559.433  24.212
1559.698  24.212
1559.963  24.212
1560.228  24.212
1560.509  24.212
1560.774  24.212
1561.040  24.212
1561.305  24.230
1561.586  24.230
1561.851  24.230
1562.116  24.230
1562.381  24.230
1562.662  24.230
1562.927  24.230
1563.192  24.230
1563.473  24.230
1563.738  24.230
1564.004  24.230
1564.269  24.230
1564.550  24.230
1564.815  24.230
1565.080  24.230
1565.361  24.230
1565.626  24.230
1565.891  24.230
1566.157  24.230
1566.437  24.230
1566.703  24.230
1566.968  24.230
1567.249  24.230
1567.514  24.230
1567.779  24.230
1568.060  24.230
1568.325  24.230
1568.590  24.230
1568.871  24.230
1569.136  24.230
1569.401  24.230
1569.682  24.499
1569.947  24.499
1570.213  24.499
1570.493  24.499
1570.759  24.499
1571.024  24.499
1571.305  24.499
1571.570  24.499
1571.835  24.499
1572.116  24.499
1572.381  24.499
1572.646  24.499
1572.927  24.499
1573.192  24.499
1573.457  24.499
1573.738  24.499
1574.003  24.499
1574.269  24.499
1574.549  24.499
1574.815  24.499
1575.080  24.499
1575.361  24.499
1575.626  24.499
1575.891  24.499
1576.172  24.499
1576.437  24.499
1576.702  24.499
1576.983  24.499
1577.248  24.499
1577.513  24.499
1577.794  24.499
1578.059  25.093
1578.325  25.093
1578.605  25.093
1578.871  25.093
1579.136  25.093
1579.417  25.093
1579.682  25.093
1579.963  25.093
1580.228  25.093
1580.509  25.093
1580.774  25.093
1581.039  25.093
1581.320  25.093
1581.585  25.093
1581.850  25.093
1582.131  25.093
1582.396  25.093
1582.677  25.093
1582.942  25.093
1583.207  25.093
1583.488  25.093
1583.753  25.093
1584.034  25.093
1584.299  25.093
1584.565  25.093
1584.845  25.093
1585.111  25.093
1585.391  25.093
1585.657  25.093
1585.922  25.093
1586.203  25.093
1586.468  25.431
1586.749  25.431
1587.014  25.431
1587.295  25.431
1587.560  25.431
1587.825  25.431
1588.106  25.431
1588.371  25.431
1588.652  25.431
1588.917  25.431
1589.198  25.431
1589.463  25.431
1589.744  25.431
1590.009  25.431
1590.274  25.431
1590.555  25.431
1590.820  25.431
1591.101  25.431
1591.366  25.431
1591.647  25.431
1591.912  25.431
1592.193  25.431
1592.458  25.431
1592.739  25.431
1593.004  25.431
1593.285  25.431
1593.550  25.431
1593.815  25.431
1594.096  25.431
1594.361  25.431
1594.642  25.431
1594.907  25.595
1595.188  25.595
1595.453  25.595
1595.734  25.595
1595.999  25.595
1596.280  25.595
1596.546  25.595
1596.826  25.595
1597.092  25.595
1597.357  25.595
1597.638  25.595
1597.903  25.595
1598.184  25.595
1598.449  25.595
1598.730  25.595
1598.995  25.595
1599.276  25.595
1599.541  25.595
1599.822  25.595
1600.087  25.595
1600.368  25.595
1600.633  25.595
1600.914  25.595
1601.179  25.595
1601.460  25.595
1601.725  25.595
1602.006  25.595
1602.271  25.595
1602.552  25.595
1602.817  25.595
1603.098  25.595
1603.363  25.691
1603.644  25.691
1603.909  25.691
1604.190  25.691
1604.455  25.691
1604.736  25.691
1605.001  25.691
1605.282  25.691
1605.547  25.691
1605.828  25.691
1606.093  25.691
1606.374  25.691
1606.639  25.691
1606.920  25.691
1607.185  25.691
1607.466  25.691
1607.731  25.691
1608.012  25.691
1608.277  25.691
1608.558  25.691
1608.838  25.691
1609.104  25.691
1609.384  25.691
1609.650  25.691
1609.930  25.691
1610.196  25.691
1610.476  25.691
1610.742  25.691
1611.022  25.691
1611.303  25.691
1611.568  25.691
1611.849  25.740
1612.114  25.740
1612.395  25.740
1612.660  25.740
1612.941  25.740
1613.222  25.740
1613.487  25.740
1613.768  25.740
1614.033  25.740
1614.314  25.740
1614.579  25.740
1614.860  25.740
1615.141  25.740
1615.406  25.740
1615.687  25.740
1615.952  25.740
1616.233  25.740
1616.498  25.740
1616.779  25.740
1617.060  25.740
1617.325  25.740
1617.606  25.740
1617.871  25.740
1618.152  25.740
1618.417  25.740
1618.698  25.740
1618.978  25.740
1619.244  25.740
1619.524  25.740
1619.790  25.740
1620.070  25.740
1620.336  25.778
1620.616  25.778
1620.897  25.778
1621.162  25.778
1621.443  25.778
1621.708  25.778
1621.989  25.778
1622.270  25.778
1622.535  25.778
1622.816  25.778
1623.081  25.778
1623.362  25.778
1623.643  25.778
1623.908  25.778
1624.189  25.778
1624.470  25.778
1624.735  25.778
1625.016  25.778
1625.296  25.778
1625.562  25.778
1625.842  25.778
1626.108  25.778
1626.388  25.778
1626.669  25.778
1626.934  25.778
1627.215  25.778
1627.496  25.778
1627.761  25.778
1628.042  25.778
1628.307  25.778
1628.588  25.778
1628.869  25.816
1629.134  25.816
1629.415  25.816
1629.680  25.816
1629.961  25.816
1630.242  25.816
1630.507  25.816
1630.788  25.816
1631.069  25.816
1631.334  25.816
1631.615  25.816
1631.895  25.816
1632.161  25.816
1632.441  25.816
1632.722  25.816
1632.987  25.816
1633.268  25.816
1633.549  25.816
1633.814  25.816
1634.095  25.816
1634.376  25.816
1634.641  25.816
1634.922  25.816
1635.203  25.816
1635.468  25.816
1635.749  25.816
1636.029  25.816
1636.295  25.816
1636.575  25.816
1636.856  25.816
1637.121  25.816
1637.402  25.819
1637.683  25.819
1637.964  25.819
1638.229  25.819
1638.510  25.819
1638.791  25.819
1639.056  25.819
1639.337  25.819
1639.617  25.819
1639.883  25.819
1640.163  25.819
1640.444  25.819
1640.709  25.819
1640.990  25.819
1641.271  25.819
1641.552  25.819
1641.817  25.819
1642.098  25.819
1642.379  25.819
1642.659  25.819
1642.925  25.819
1643.205  25.819
1643.486  25.819
1643.751  25.819
1644.032  25.819
1644.313  25.819
1644.594  25.819
1644.859  25.819
1645.140  25.819
1645.421  25.819
1645.701  25.819
1645.967  25.839
1646.247  25.839
1646.528  25.839
1646.809  25.839
1647.074  25.839
1647.355  25.839
1647.636  25.839
1647.901  25.839
1648.182  25.839
1648.463  25.839
1648.743  25.839
1649.009  25.839
1649.289  25.839
1649.570  25.839
1649.851  25.839
1650.116  25.839
1650.397  25.839
1650.678  25.839
1650.959  25.839
1651.224  25.839
1651.505  25.839
1651.785  25.839
1652.051  25.839
1652.331  25.839
1652.612  25.839
1652.893  25.839
1653.158  25.839
1653.439  25.839
1653.720  25.839
1654.001  25.839
1654.281  25.839
1654.547  25.848
1654.827  25.848
1655.108  25.848
1655.389  25.848
1655.670  25.848
1655.935  25.848
1656.216  25.848
1656.497  25.848
1656.777  25.848
1657.058  25.848
1657.323  25.848
1657.604  25.848
1657.885  25.848
1658.166  25.848
1658.447  25.848
1658.728  25.848
1658.993  25.848
1659.274  25.848
1659.554  25.848
1659.835  25.848
1660.116  25.848
1660.397  25.848
1660.662  25.848
1660.943  25.848
1661.224  25.848
1661.504  25.848
1661.785  25.848
1662.066  25.848
1662.347  25.848
1662.612  25.848
1662.893  25.848
1663.174  25.849
1663.454  25.849
1663.735  25.849
1664.016  25.849
1664.297  25.849
1664.578  25.849
1664.843  25.849
1665.124  25.849
1665.404  25.849
1665.685  25.849
1665.966  25.849
1666.247  25.849
1666.528  25.849
1666.808  25.849
1667.074  25.849
1667.354  25.849
1667.635  25.849
1667.916  25.849
1668.197  25.849
1668.478  25.849
1668.758  25.849
1669.039  25.849
1669.320  25.849
1669.585  25.849
1669.866  25.849
1670.147  25.849
1670.428  25.849
1670.708  25.849
1670.989  25.849
1671.270  25.849
1671.535  25.849
1671.816  25.855
1672.097  25.855
1672.378  25.855
1672.658  25.855
1672.939  25.855
1673.220  25.855
1673.501  25.855
1673.782  25.855
1674.047  25.855
1674.328  25.855
1674.608  25.855
1674.889  25.855
1675.170  25.855
1675.451  25.855
1675.732  25.855
1676.012  25.855
1676.278  25.855
1676.558  25.855
1676.839  25.855
1677.120  25.855
1677.401  25.855
1677.682  25.855
1677.962  25.855
1678.243  25.855
1678.524  25.855
1678.805  25.855
1679.086  25.855
1679.351  25.855
1679.632  25.855
