1343.418  26.218
1343.668  26.218
1343.917  26.217
1344.183  26.216
1344.432  26.216
1344.682  26.215
1344.931  26.215
1345.181  26.214
1345.431  26.214
1345.680  26.213
1345.930  26.213
1346.179  26.212
1346.429  26.212
1346.679  26.211
1346.928  26.211
1347.178  26.218
1347.428  26.218
1347.677  26.218
1347.942  26.218
1348.192  26.218
1348.442  26.218
1348.691  26.218
1348.941  26.218
1349.190  26.218
1349.440  26.215
1349.690  26.215
1349.939  26.218
1350.189  26.218
1350.438  26.218
1350.704  26.218
1350.953  26.218
1351.203  26.218
1351.452  26.218
1351.702  26.218
1351.952  26.215
1352.201  26.218
1352.451  26.218
1352.700  26.215
1352.950  26.208
1353.215  26.208
1353.465  26.205
1353.714  26.202
1353.964  26.199
1354.214  26.199
1354.463  26.199
1354.713  26.199
1354.962  26.199
1355.228  26.199
1355.477  26.199
1355.727  26.199
1355.976  26.202
1356.226  26.202
1356.476  26.202
1356.725  26.205
1356.990  26.205
1357.240  26.218
1357.490  26.218
1357.739  26.205
1357.989  26.199
1358.238  26.199
1358.488  26.199
1358.753  26.199
1359.003  26.199
1359.252  26.199
1359.502  26.199
1359.752  26.196
1360.017  26.196
1360.266  26.196
1360.516  26.196
1360.766  26.196
1361.015  26.196
1361.265  26.196
1361.514  26.196
1361.780  26.196
1362.029  26.196
1362.279  26.196
1362.528  26.196
1362.778  26.196
1363.028  26.202
1363.293  26.205
1363.542  26.205
1363.792  26.205
1364.042  26.202
1364.291  26.202
1364.556  26.199
1364.806  26.196
1365.056  26.196
1365.305  26.196
1365.555  26.196
1365.804  26.199
1366.070  26.202
1366.319  26.202
1366.569  26.202
1366.818  26.202
1367.068  26.202
1367.333  26.202
1367.583  26.202
1367.832  26.202
1368.082  26.205
1368.332  26.202
1368.581  26.202
1368.846  26.202
1369.096  26.205
1369.346  26.205
1369.595  26.205
1369.845  26.215
1370.110  26.218
1370.360  26.221
1370.609  26.224
1370.859  26.227
1371.108  26.227
1371.358  26.227
1371.623  26.230
1371.873  26.233
1372.122  26.236
1372.372  26.236
1372.622  26.236
1372.887  26.236
1373.136  26.236
1373.386  26.236
1373.651  26.236
1373.901  26.242
1374.150  26.251
1374.400  26.251
1374.650  26.251
1374.915  26.251
1375.164  26.251
1375.414  26.251
1375.679  26.251
1375.929  26.242
1376.178  26.242
1376.428  26.242
1376.693  26.239
1376.943  26.239
1377.192  26.196
1377.442  26.184
1377.707  26.178
1377.957  26.172
1378.207  26.172
1378.472  26.172
1378.721  26.169
1378.971  26.169
1379.236  26.157
1379.486  26.151
1379.735  26.151
1379.985  26.144
1380.250  26.138
1380.500  26.123
1380.749  26.123
1381.015  26.123
1381.264  26.120
1381.514  26.120
1381.779  26.117
1382.029  26.117
1382.278  26.114
1382.543  26.105
1382.793  26.105
1383.043  26.105
1383.308  26.096
1383.557  26.038
1383.807  26.031
1384.072  25.989
1384.322  25.870
1384.571  25.830
1384.837  25.635
1385.086  25.443
1385.336  24.310
1385.601  22.934
1385.851  22.290
1386.100  21.686
1386.365  21.686
1386.615  21.686
1386.880  21.686
1387.130  21.686
1387.379  21.686
1387.645  21.686
1387.894  21.686
1388.144  21.686
1388.409  21.686
1388.659  21.686
1388.908  21.686
1389.173  21.686
1389.423  21.686
1389.673  21.686
1389.938  21.686
1390.187  22.760
1390.453  23.071
1390.702  23.505
1390.952  23.883
1391.217  23.883
1391.467  24.994
1391.732  25.906
1391.981  26.089
1392.231  26.154
1392.496  26.154
1392.746  26.175
1393.011  26.178
1393.261  26.187
1393.510  26.187
1393.775  26.212
1394.025  26.212
1394.290  26.212
1394.540  26.215
1394.789  26.218
1395.055  26.227
1395.304  26.227
1395.569  26.242
1395.819  26.242
1396.069  26.251
1396.334  26.251
1396.583  26.251
1396.849  26.248
1397.098  26.248
1397.348  26.251
1397.613  26.251
1397.863  26.251
1398.128  26.248
1398.377  26.248
1398.643  26.248
1398.892  26.245
1399.142  26.242
1399.407  26.242
1399.657  26.242
1399.922  26.242
1400.171  26.236
1400.421  26.236
1400.686  26.236
1400.936  26.236
1401.201  26.236
1401.451  26.242
1401.700  26.242
1401.965  26.242
1402.215  26.242
1402.480  26.245
1402.730  26.242
1402.995  26.236
1403.245  26.236
1403.510  26.230
1403.759  26.227
1404.009  26.224
1404.274  26.224
1404.524  26.224
1404.789  26.224
1405.039  26.227
1405.304  26.224
1405.553  26.224
1405.819  26.218
1406.068  26.218
1406.333  26.224
1406.583  26.224
1406.833  26.224
1407.098  26.224
1407.347  26.224
1407.613  26.224
1407.862  26.227
1408.127  26.227
1408.377  26.227
1408.642  26.227
1408.892  26.227
1409.157  26.224
1409.407  26.224
1409.672  26.224
1409.922  26.224
1410.187  26.224
1410.436  26.224
1410.702  26.224
1410.951  26.224
1411.216  26.227
1411.466  26.227
1411.731  26.227
1411.981  26.227
1412.246  26.227
1412.496  26.221
1412.761  26.227
1413.010  26.227
1413.276  26.227
1413.525  26.227
1413.790  26.227
1414.040  26.227
1414.305  26.221
1414.555  26.221
1414.820  26.221
1415.070  26.221
1415.335  26.221
1415.584  26.221
1415.850  26.221
1416.099  26.221
1416.364  26.221
1416.614  26.224
1416.879  26.221
1417.129  26.224
1417.394  26.224
1417.644  26.224
1417.909  26.224
1418.158  26.224
1418.424  26.224
1418.673  26.221
1418.938  26.221
1419.204  26.221
1419.453  26.221
1419.718  26.221
1419.968  26.218
1420.233  26.218
1420.483  26.221
1420.748  26.221
1420.998  26.218
1421.263  26.218
1421.512  26.221
1421.778  26.218
1422.043  26.218
1422.292  26.218
1422.558  26.224
1422.807  26.218
1423.072  26.218
1423.322  26.215
1423.587  26.215
1423.852  26.212
1424.102  26.205
1424.367  26.205
1424.617  26.205
1424.882  26.205
1425.132  26.205
1425.397  26.205
1425.662  26.205
1425.912  26.205
1426.177  26.205
1426.426  26.205
1426.692  26.199
1426.957  26.199
1427.206  26.178
1427.472  26.178
1427.721  26.178
1427.986  26.172
1428.236  26.172
1428.517  26.172
1428.782  26.166
1429.032  26.163
1429.297  26.160
1429.546  26.160
1429.812  26.157
1430.077  26.157
1430.326  26.157
1430.592  26.154
1430.841  26.154
1431.106  26.151
1431.356  26.147
1431.621  26.138
1431.886  26.120
1432.136  26.120
1432.401  26.117
1432.651  26.117
1432.916  26.111
1433.166  26.102
1433.431  26.096
1433.680  26.093
1433.946  26.089
1434.211  26.089
1434.460  26.080
1434.726  26.080
1434.975  26.080
1435.240  26.077
1435.506  26.071
1435.755  26.071
1436.020  26.068
1436.270  26.068
1436.535  26.053
1436.800  26.050
1437.050  26.041
1437.315  26.035
1437.565  26.025
1437.830  26.025
1438.095  26.013
1438.345  26.010
1438.610  26.010
1438.860  26.007
1439.125  26.004
1439.390  26.004
1439.640  26.004
1439.905  26.004
1440.155  25.983
1440.420  25.983
1440.669  25.983
1440.935  25.980
1441.200  25.974
1441.449  25.952
1441.715  25.952
1441.980  25.928
1442.229  25.922
1442.495  25.922
1442.744  25.916
1443.009  25.912
1443.275  25.909
1443.540  25.909
1443.789  25.906
1444.055  25.897
1444.320  25.894
1444.569  25.888
1444.835  25.888
1445.100  25.885
1445.349  25.882
1445.615  25.864
1445.880  25.858
1446.129  25.858
1446.395  25.854
1446.660  25.839
1446.909  25.836
1447.175  25.833
1447.440  25.830
1447.705  25.806
1447.955  25.806
1448.220  25.806
1448.485  25.797
1448.735  25.793
1449.000  25.790
1449.265  25.781
1449.515  25.775
1449.780  25.772
1450.045  25.769
1450.295  25.760
1450.560  25.757
1450.825  25.745
1451.075  25.742
1451.340  25.739
1451.605  25.735
1451.870  25.735
1452.120  25.726
1452.385  25.720
1452.650  25.720
1452.900  25.711
1453.165  25.708
1453.430  25.699
1453.695  25.696
1453.945  25.690
1454.210  25.665
1454.475  25.653
1454.741  25.607
1454.990  25.604
1455.255  25.601
1455.521  25.592
1455.770  25.592
1456.035  25.589
1456.301  25.586
1456.566  25.577
1456.815  25.577
1457.081  25.577
1457.346  25.577
1457.611  25.577
1457.861  25.574
1458.126  25.574
1458.391  25.574
1458.641  25.574
1458.906  25.571
1459.171  25.571
1459.436  25.571
1459.686  25.571
1459.951  25.574
1460.216  25.577
1460.481  25.577
1460.731  25.583
1460.996  25.586
1461.261  25.589
1461.527  25.589
1461.776  25.589
1462.041  25.589
1462.307  25.589
1462.572  25.589
1462.821  25.592
1463.087  25.595
1463.352  25.595
1463.617  25.598
1463.882  25.595
1464.132  25.598
1464.397  25.610
1464.662  25.620
1464.927  25.623
1465.177  25.623
1465.442  25.623
1465.707  25.620
1465.973  25.620
1466.222  25.620
1466.487  25.620
1466.753  25.620
1467.018  25.623
1467.267  25.629
1467.533  25.629
1467.798  25.629
1468.063  25.629
1468.328  25.629
1468.578  25.623
1468.843  25.623
1469.108  25.620
1469.373  25.601
1469.639  25.620
1469.888  25.601
1470.153  25.598
1470.419  25.598
1470.684  25.598
1470.949  25.592
1471.199  25.589
1471.464  25.589
1471.729  25.586
1471.994  25.586
1472.260  25.586
1472.509  25.577
1472.774  25.577
1473.040  25.574
1473.305  25.574
1473.570  25.574
1473.820  25.574
1474.085  25.574
1474.350  25.574
1474.615  25.571
1474.880  25.568
1475.146  25.568
1475.395  25.568
1475.660  25.565
1475.926  25.565
1476.191  25.565
1476.456  25.565
1476.721  25.565
1476.971  25.565
1477.236  25.565
1477.501  25.565
1477.766  25.565
1478.032  25.543
1478.297  25.540
1478.562  25.537
1478.812  25.537
1479.077  25.537
1479.342  25.537
1479.607  25.537
1479.872  25.537
1480.138  25.534
1480.387  25.534
1480.652  25.528
1480.918  25.525
1481.183  25.519
1481.448  25.516
1481.713  25.516
1481.978  25.513
1482.244  25.504
1482.493  25.500
1482.758  25.494
1483.024  25.494
1483.289  25.494
1483.554  25.485
1483.819  25.485
1484.084  25.479
1484.350  25.479
1484.615  25.473
1484.880  25.473
1485.130  25.461
1485.395  25.455
1485.660  25.455
1485.925  25.452
1486.190  25.443
1486.456  25.439
1486.721  25.439
1486.986  25.427
1487.251  25.427
1487.501  25.427
1487.766  25.424
1488.031  25.421
1488.296  25.421
1488.562  25.418
1488.827  25.418
1489.092  25.415
1489.357  25.409
1489.607  25.391
1489.872  25.391
1490.137  25.388
1490.402  25.388
1490.668  25.372
1490.933  25.369
1491.198  25.369
1491.463  25.363
1491.728  25.363
1491.978  25.360
1492.243  25.354
1492.508  25.354
1492.774  25.354
1493.039  25.351
1493.304  25.345
1493.569  25.345
1493.834  25.345
1494.100  25.336
1494.365  25.333
1494.630  25.330
1494.880  25.327
1495.145  25.323
1495.410  25.299
1495.675  25.299
1495.940  25.296
1496.206  25.281
1496.471  25.281
1496.736  25.281
1497.001  25.278
1497.266  25.269
1497.516  25.259
1497.781  25.250
1498.046  25.244
1498.312  25.244
1498.577  25.241
1498.842  25.238
1499.107  25.235
1499.372  25.232
1499.638  25.223
1499.903  25.214
1500.168  25.214
1500.433  25.211
1500.698  25.211
1500.964  25.208
1501.229  25.195
1501.494  25.189
1501.759  25.180
1502.024  25.180
1502.290  25.180
1502.555  25.177
1502.820  25.171
1503.085  25.168
1503.351  25.168
1503.616  25.165
1503.881  25.153
1504.146  25.150
1504.411  25.137
1504.677  25.125
1504.942  25.125
1505.207  25.125
1505.472  25.122
1505.737  25.119
1506.003  25.119
1506.268  25.119
1506.533  25.110
1506.798  25.098
1507.048  25.095
1507.313  25.095
1507.578  25.092
1507.843  25.073
1508.109  25.058
1508.374  25.052
1508.655  25.049
1508.920  25.031
1509.185  25.021
1509.450  25.015
1509.715  25.009
1509.981  25.009
1510.246  25.003
1510.511  24.991
1510.776  24.951
1511.041  24.948
1511.307  24.948
1511.572  24.948
1511.837  24.927
1512.102  24.924
1512.367  24.927
1512.633  24.924
1512.898  24.921
1513.163  24.918
1513.428  24.893
1513.693  24.887
1513.959  24.884
1514.224  24.881
1514.489  24.878
1514.754  24.878
1515.019  24.875
1515.285  24.875
1515.550  24.875
1515.815  24.866
1516.080  24.863
1516.345  24.860
1516.611  24.860
1516.876  24.857
1517.141  24.857
1517.406  24.854
1517.671  24.841
1517.937  24.841
1518.202  24.826
1518.467  24.814
1518.732  24.805
1519.013  24.799
1519.278  24.796
1519.543  24.792
1519.809  24.777
1520.074  24.777
1520.339  24.774
1520.604  24.774
1520.869  24.753
1521.135  24.734
1521.400  24.728
1521.665  24.704
1521.930  24.701
1522.195  24.692
1522.461  24.692
1522.726  24.686
1522.991  24.683
1523.256  24.680
1523.537  24.670
1523.802  24.670
1524.067  24.664
1524.333  24.658
1524.598  24.652
1524.863  24.646
1525.128  24.646
1525.393  24.643
1525.659  24.640
1525.924  24.640
1526.189  24.637
1526.454  24.634
1526.719  24.634
1527.000  24.619
1527.265  24.615
1527.531  24.609
1527.796  24.597
1528.061  24.597
1528.326  24.588
1528.591  24.585
1528.857  24.573
1529.122  24.564
1529.387  24.548
1529.652  24.542
1529.933  24.542
1530.198  24.527
1530.463  24.512
1530.729  24.512
1530.994  24.496
1531.259  24.496
1531.524  24.490
1531.789  24.490
1532.055  24.484
1532.320  24.475
1532.601  24.472
1532.866  24.454
1533.131  24.448
1533.396  24.445
1533.661  24.429
1533.927  24.423
1534.192  24.420
1534.473  24.417
1534.738  24.417
1535.003  24.411
1535.268  24.411
1535.534  24.402
1535.799  24.402
1536.064  24.402
1536.345  24.399
1536.610  24.399
1536.875  24.399
1537.140  24.390
1537.406  24.390
1537.686  24.390
1537.952  24.390
1538.217  24.380
1538.482  24.371
1538.747  24.368
1539.012  24.362
1539.278  24.347
1539.558  24.347
1539.824  24.341
1540.089  24.341
1540.354  24.338
1540.619  24.338
1540.884  24.329
1541.150  24.319
1541.430  24.316
1541.696  24.316
1541.961  24.313
1542.226  24.301
1542.491  24.295
1542.772  24.295
1543.037  24.292
1543.302  24.289
1543.568  24.289
1543.833  24.286
1544.098  24.286
1544.379  24.286
1544.644  24.283
1544.909  24.277
1545.174  24.280
1545.455  24.277
1545.720  24.277
1545.986  24.274
1546.251  24.274
1546.516  24.271
1546.781  24.268
1547.062  24.265
1547.327  24.265
1547.592  24.265
1547.858  24.258
1548.138  24.258
1548.404  24.255
1548.669  24.252
1548.934  24.249
1549.199  24.249
1549.480  24.249
1549.745  24.249
1550.010  24.249
1550.276  24.246
1550.541  24.246
1550.822  24.240
1551.087  24.237
1551.352  24.240
1551.617  24.246
1551.898  24.249
1552.163  24.249
1552.428  24.249
1552.694  24.246
1552.974  24.240
1553.240  24.240
1553.505  24.237
1553.770  24.234
1554.035  24.231
1554.316  24.231
1554.581  24.231
1554.846  24.231
1555.127  24.222
1555.392  24.231
1555.658  24.222
1555.923  24.216
1556.204  24.216
1556.469  24.216
1556.734  24.216
1556.999  24.216
1557.280  24.216
1557.545  24.216
1557.810  24.213
1558.076  24.200
1558.356  24.200
1558.622  24.200
1558.887  24.200
1559.152  24.200
1559.433  24.200
1559.698  24.194
1559.963  24.194
1560.228  24.194
1560.509  24.194
1560.774  24.194
1561.040  24.194
1561.305  24.194
1561.586  24.200
1561.851  24.194
1562.116  24.191
1562.381  24.191
1562.662  24.191
1562.927  24.194
1563.192  24.200
1563.473  24.207
1563.738  24.207
1564.004  24.213
1564.269  24.216
1564.550  24.216
1564.815  24.216
1565.080  24.225
1565.361  24.228
1565.626  24.237
1565.891  24.237
1566.157  24.240
1566.437  24.240
1566.703  24.240
1566.968  24.246
1567.249  24.249
1567.514  24.252
1567.779  24.258
1568.060  24.268
1568.325  24.274
1568.590  24.277
1568.871  24.292
1569.136  24.304
1569.401  24.310
1569.682  24.319
1569.947  24.329
1570.213  24.335
1570.493  24.338
1570.759  24.341
1571.024  24.344
1571.305  24.344
1571.570  24.359
1571.835  24.359
1572.116  24.384
1572.381  24.402
1572.646  24.402
1572.927  24.417
1573.192  24.420
1573.457  24.438
1573.738  24.496
1574.003  24.521
1574.269  24.530
1574.549  24.533
1574.815  24.548
1575.080  24.554
1575.361  24.573
1575.626  24.625
1575.891  24.643
1576.172  24.661
1576.437  24.673
1576.702  24.677
1576.983  24.692
1577.248  24.701
1577.513  24.728
1577.794  24.728
1578.059  24.811
1578.325  24.820
1578.605  24.850
1578.871  24.863
1579.136  24.869
1579.417  24.905
1579.682  24.908
1579.963  24.924
1580.228  24.936
1580.509  25.012
1580.774  25.018
1581.039  25.040
1581.320  25.070
1581.585  25.092
1581.850  25.119
1582.131  25.125
1582.396  25.134
1582.677  25.156
1582.942  25.159
1583.207  25.174
1583.488  25.208
1583.753  25.211
1584.034  25.247
1584.299  25.259
1584.565  25.287
1584.845  25.290
1585.111  25.290
1585.391  25.308
1585.657  25.314
1585.922  25.317
1586.203  25.330
1586.468  25.330
1586.749  25.336
1587.014  25.339
1587.295  25.339
1587.560  25.363
1587.825  25.375
1588.106  25.378
1588.371  25.385
1588.652  25.385
1588.917  25.397
1589.198  25.397
1589.463  25.400
1589.744  25.412
1590.009  25.443
1590.274  25.443
1590.555  25.443
1590.820  25.446
1591.101  25.455
1591.366  25.458
1591.647  25.458
1591.912  25.467
1592.193  25.467
1592.458  25.470
1592.739  25.473
1593.004  25.482
1593.285  25.488
1593.550  25.494
1593.815  25.504
1594.096  25.507
1594.361  25.507
1594.642  25.519
1594.907  25.522
1595.188  25.528
1595.453  25.531
1595.734  25.540
1595.999  25.549
1596.280  25.549
1596.546  25.549
1596.826  25.555
1597.092  25.558
1597.357  25.558
1597.638  25.562
1597.903  25.574
1598.184  25.574
1598.449  25.589
1598.730  25.589
1598.995  25.598
1599.276  25.601
1599.541  25.616
1599.822  25.623
1600.087  25.626
1600.368  25.629
1600.633  25.638
1600.914  25.641
1601.179  25.641
1601.460  25.641
1601.725  25.644
1602.006  25.647
1602.271  25.647
1602.552  25.647
1602.817  25.647
1603.098  25.650
1603.363  25.659
1603.644  25.659
1603.909  25.659
1604.190  25.659
1604.455  25.659
1604.736  25.662
1605.001  25.668
1605.282  25.668
1605.547  25.668
1605.828  25.671
1606.093  25.671
1606.374  25.671
1606.639  25.684
1606.920  25.671
1607.185  25.674
1607.466  25.684
1607.731  25.684
1608.012  25.687
1608.277  25.687
1608.558  25.690
1608.838  25.690
1609.104  25.690
1609.384  25.690
1609.650  25.690
1609.930  25.702
1610.196  25.702
1610.476  25.702
1610.742  25.717
1611.022  25.729
1611.303  25.729
1611.568  25.729
1611.849  25.729
1612.114  25.729
1612.395  25.729
1612.660  25.729
1612.941  25.729
1613.222  25.729
1613.487  25.729
1613.768  25.729
1614.033  25.732
1614.314  25.729
1614.579  25.732
1614.860  25.732
1615.141  25.732
1615.406  25.735
1615.687  25.739
1615.952  25.739
1616.233  25.739
1616.498  25.742
1616.779  25.739
1617.060  25.739
1617.325  25.739
1617.606  25.742
1617.871  25.745
1618.152  25.745
1618.417  25.745
1618.698  25.745
1618.978  25.745
1619.244  25.748
1619.524  25.748
1619.790  25.748
1620.070  25.748
1620.336  25.748
1620.616  25.748
1620.897  25.751
1621.162  25.757
1621.443  25.757
1621.708  25.757
1621.989  25.757
1622.270  25.763
1622.535  25.766
1622.816  25.766
1623.081  25.766
1623.362  25.766
1623.643  25.778
1623.908  25.766
1624.189  25.766
1624.470  25.766
1624.735  25.778
1625.016  25.778
1625.296  25.778
1625.562  25.778
1625.842  25.781
1626.108  25.787
1626.388  25.787
1626.669  25.781
1626.934  25.787
1627.215  25.806
1627.496  25.787
1627.761  25.787
1628.042  25.806
1628.307  25.806
1628.588  25.806
1628.869  25.806
1629.134  25.806
1629.415  25.809
1629.680  25.809
1629.961  25.812
1630.242  25.812
1630.507  25.815
1630.788  25.815
1631.069  25.815
1631.334  25.815
1631.615  25.815
1631.895  25.833
1632.161  25.830
1632.441  25.830
1632.722  25.830
1632.987  25.830
1633.268  25.830
1633.549  25.833
1633.814  25.833
1634.095  25.833
1634.376  25.830
1634.641  25.830
1634.922  25.830
1635.203  25.830
1635.468  25.833
1635.749  25.830
1636.029  25.830
1636.295  25.830
1636.575  25.830
1636.856  25.830
1637.121  25.830
1637.402  25.830
1637.683  25.830
1637.964  25.830
1638.229  25.824
1638.510  25.830
1638.791  25.830
1639.056  25.830
1639.337  25.830
1639.617  25.824
1639.883  25.821
1640.163  25.821
1640.444  25.821
1640.709  25.821
1640.990  25.824
1641.271  25.824
1641.552  25.830
1641.817  25.830
1642.098  25.830
1642.379  25.830
1642.659  25.830
1642.925  25.830
1643.205  25.830
1643.486  25.830
1643.751  25.830
1644.032  25.830
1644.313  25.830
1644.594  25.830
1644.859  25.830
1645.140  25.830
1645.421  25.830
1645.701  25.830
1645.967  25.830
1646.247  25.830
1646.528  25.830
1646.809  25.833
1647.074  25.833
1647.355  25.836
1647.636  25.836
1647.901  25.833
1648.182  25.833
1648.463  25.833
1648.743  25.836
1649.009  25.836
1649.289  25.836
1649.570  25.839
1649.851  25.842
1650.116  25.842
1650.397  25.842
1650.678  25.845
1650.959  25.848
1651.224  25.848
1651.505  25.848
1651.785  25.845
1652.051  25.845
1652.331  25.845
1652.612  25.845
1652.893  25.845
1653.158  25.848
1653.439  25.848
1653.720  25.848
1654.001  25.848
1654.281  25.851
1654.547  25.851
1654.827  25.851
1655.108  25.851
1655.389  25.851
1655.670  25.845
1655.935  25.845
1656.216  25.851
1656.497  25.851
1656.777  25.851
1657.058  25.854
1657.323  25.851
1657.604  25.851
1657.885  25.851
1658.166  25.851
1658.447  25.851
1658.728  25.851
1658.993  25.851
1659.274  25.854
1659.554  25.854
1659.835  25.854
1660.116  25.854
1660.397  25.854
1660.662  25.854
1660.943  25.858
1661.224  25.858
1661.504  25.858
1661.785  25.858
1662.066  25.858
1662.347  25.858
1662.612  25.858
1662.893  25.858
1663.174  25.858
1663.454  25.858
1663.735  25.858
1664.016  25.858
1664.297  25.858
1664.578  25.854
1664.843  25.854
1665.124  25.854
1665.404  25.854
1665.685  25.854
1665.966  25.854
1666.247  25.854
1666.528  25.858
1666.808  25.854
1667.074  25.854
1667.354  25.854
1667.635  25.854
1667.916  25.854
1668.197  25.854
1668.478  25.851
1668.758  25.854
1669.039  25.854
1669.320  25.854
1669.585  25.839
1669.866  25.854
1670.147  25.858
1670.428  25.858
1670.708  25.854
1670.989  25.854
1671.270  25.839
1671.535  25.839
1671.816  25.839
1672.097  25.839
1672.378  25.839
1672.658  25.854
1672.939  25.858
1673.220  25.858
1673.501  25.858
1673.782  25.861
1674.047  25.861
1674.328  25.858
1674.608  25.861
1674.889  25.858
1675.170  25.854
1675.451  25.858
1675.732  25.861
1676.012  25.864
1676.278  25.864
1676.558  25.861
1676.839  25.861
1677.120  25.861
1677.401  25.861
1677.682  25.864
1677.962  25.864
1678.243  25.864
1678.524  25.864
1678.805  25.864
1679.086  25.861
1679.351  25.864
1679.632  25.864
1679.912  25.864
1680.193  25.865
1680.474  25.865
1680.755  25.865
1681.036  25.865
1681.316  25.865
1681.597  25.866
1681.862  25.866
1682.143  25.866
1682.424  25.866
1682.705  25.866
1682.986  25.867
1683.266  25.867
1683.547  25.867
1683.828  25.867
