1347.178  26.211
1347.428  27.118
1347.677  27.147
1347.942  27.145
1348.192  27.143
1348.442  27.143
1348.691  27.144
1348.941  27.144
1349.190  27.144
1349.440  27.143
1349.690  27.143
1349.939  27.145
1350.189  27.145
1350.438  27.145
1350.704  27.145
1350.953  27.144
1351.203  27.144
1351.452  27.146
1351.702  27.145
1351.952  27.145
1352.201  27.145
1352.451  27.144
1352.700  27.142
1352.950  27.140
1353.215  27.141
1353.465  27.140
1353.714  27.137
1353.964  27.135
1354.214  27.135
1354.463  27.135
1354.713  27.136
1354.962  27.138
1355.228  27.136
1355.477  27.137
1355.727  27.140
1355.976  27.143
1356.226  27.143
1356.476  27.142
1356.725  27.145
1356.990  27.146
1357.240  27.149
1357.490  27.148
1357.739  27.143
1357.989  27.141
1358.238  27.141
1358.488  27.141
1358.753  27.140
1359.003  27.136
1359.252  27.135
1359.502  27.133
1359.752  27.132
1360.017  27.129
1360.266  27.130
1360.516  27.133
1360.766  27.132
1361.015  27.134
1361.265  27.134
1361.514  27.138
1361.780  27.137
1362.029  27.135
1362.279  27.133
1362.528  27.132
1362.778  27.132
1363.028  27.134
1363.293  27.136
1363.542  27.135
1363.792  27.134
1364.042  27.133
1364.291  27.131
1364.556  27.131
1364.806  27.127
1365.056  27.122
1365.305  27.124
1365.555  27.125
1365.804  27.126
1366.070  27.128
1366.319  27.127
1366.569  27.128
1366.818  27.130
1367.068  27.130
1367.333  27.132
1367.583  27.131
1367.832  27.134
1368.082  27.138
1368.332  27.136
1368.581  27.136
1368.846  27.136
1369.096  27.139
1369.346  27.140
1369.595  27.147
1369.845  27.156
1370.110  27.162
1370.360  27.169
1370.609  27.177
1370.859  27.184
1371.108  27.191
1371.358  27.199
1371.623  27.205
1371.873  27.212
1372.122  27.215
1372.372  27.215
1372.622  27.215
1372.887  27.215
1373.136  27.211
1373.386  27.211
1373.651  27.210
1373.901  27.218
1374.150  27.222
1374.400  27.221
1374.650  27.220
1374.915  27.215
1375.164  27.211
1375.414  27.209
1375.679  27.210
1375.929  27.207
1376.178  27.206
1376.428  27.201
1376.693  27.196
1376.943  27.192
1377.192  27.189
1377.442  27.182
1377.707  27.174
1377.957  27.164
1378.207  27.153
1378.472  27.142
1378.721  27.131
1378.971  27.121
1379.236  27.109
1379.486  27.098
1379.735  27.088
1379.985  27.080
1380.250  27.075
1380.500  27.068
1380.749  27.060
1381.015  27.053
1381.264  27.035
1381.514  27.008
1381.779  26.938
1382.029  26.821
1382.278  26.683
1382.543  26.504
1382.793  26.275
1383.043  25.996
1383.308  25.648
1383.557  25.331
1383.807  24.984
1384.072  24.673
1384.322  24.333
1384.571  23.966
1384.837  23.557
1385.086  23.230
1385.336  22.968
1385.601  22.713
1385.851  22.489
1386.100  22.328
1386.365  22.205
1386.615  22.096
1386.880  22.002
1387.130  21.922
1387.379  21.843
1387.645  21.804
1387.894  21.800
1388.144  21.800
1388.409  21.808
1388.659  21.819
1388.908  21.837
1389.173  21.864
1389.423  21.931
1389.673  22.047
1389.938  22.190
1390.187  22.374
1390.453  22.606
1390.702  22.889
1390.952  23.245
1391.217  23.619
1391.467  23.936
1391.732  24.288
1391.981  24.602
1392.231  24.952
1392.496  25.362
1392.746  25.692
1393.011  25.956
1393.261  26.216
1393.510  26.442
1393.775  26.606
1394.025  26.731
1394.290  26.843
1394.540  26.941
1394.789  27.027
1395.055  27.113
1395.304  27.160
1395.569  27.175
1395.819  27.183
1396.069  27.189
1396.334  27.192
1396.583  27.195
1396.849  27.193
1397.098  27.193
1397.348  27.194
1397.613  27.193
1397.863  27.191
1398.128  27.188
1398.377  27.189
1398.643  27.191
1398.892  27.186
1399.142  27.183
1399.407  27.183
1399.657  27.181
1399.922  27.178
1400.171  27.175
1400.421  27.175
1400.686  27.173
1400.936  27.175
1401.201  27.175
1401.451  27.177
1401.700  27.177
1401.965  27.176
1402.215  27.176
1402.480  27.179
1402.730  27.177
1402.995  27.175
1403.245  27.172
1403.510  27.169
1403.759  27.165
1404.009  27.162
1404.274  27.162
1404.524  27.161
1404.789  27.161
1405.039  27.165
1405.304  27.162
1405.553  27.158
1405.819  27.156
1406.068  27.156
1406.333  27.157
1406.583  27.158
1406.833  27.161
1407.098  27.160
1407.347  27.160
1407.613  27.161
1407.862  27.163
1408.127  27.165
1408.377  27.163
1408.642  27.164
1408.892  27.163
1409.157  27.162
1409.407  27.159
1409.672  27.159
1409.922  27.159
1410.187  27.156
1410.436  27.156
1410.702  27.157
1410.951  27.158
1411.216  27.160
1411.466  27.161
1411.731  27.162
1411.981  27.162
1412.246  27.159
1412.496  27.157
1412.761  27.157
1413.010  27.155
1413.276  27.156
1413.525  27.156
1413.790  27.156
1414.040  27.158
1414.305  27.157
1414.555  27.155
1414.820  27.153
1415.070  27.156
1415.335  27.159
1415.584  27.161
1415.850  27.161
1416.099  27.161
1416.364  27.160
1416.614  27.162
1416.879  27.159
1417.129  27.160
1417.394  27.162
1417.644  27.160
1417.909  27.162
1418.158  27.163
1418.424  27.158
1418.673  27.157
1418.938  27.156
1419.204  27.156
1419.453  27.155
1419.718  27.154
1419.968  27.153
1420.233  27.155
1420.483  27.160
1420.748  27.161
1420.998  27.160
1421.263  27.159
1421.512  27.162
1421.778  27.161
1422.043  27.160
1422.292  27.158
1422.558  27.159
1422.807  27.156
1423.072  27.152
1423.322  27.148
1423.587  27.147
1423.852  27.146
1424.102  27.144
1424.367  27.144
1424.617  27.141
1424.882  27.138
1425.132  27.138
1425.397  27.136
1425.662  27.136
1425.912  27.134
1426.177  27.133
1426.426  27.133
1426.692  27.131
1426.957  27.127
1427.206  27.124
1427.472  27.124
1427.721  27.125
1427.986  27.122
1428.236  27.120
1428.517  27.115
1428.782  27.109
1429.032  27.104
1429.297  27.102
1429.546  27.098
1429.812  27.093
1430.077  27.088
1430.326  27.086
1430.592  27.080
1430.841  27.078
1431.106  27.075
1431.356  27.072
1431.621  27.066
1431.886  27.059
1432.136  27.056
1432.401  27.051
1432.651  27.049
1432.916  27.048
1433.166  27.039
1433.431  27.035
1433.680  27.028
1433.946  27.023
1434.211  27.023
1434.460  27.019
1434.726  27.014
1434.975  27.011
1435.240  27.008
1435.506  27.002
1435.755  26.995
1436.020  26.992
1436.270  26.986
1436.535  26.982
1436.800  26.980
1437.050  26.976
1437.315  26.972
1437.565  26.965
1437.830  26.964
1438.095  26.957
1438.345  26.951
1438.610  26.946
1438.860  26.941
1439.125  26.936
1439.390  26.927
1439.640  26.920
1439.905  26.916
1440.155  26.909
1440.420  26.903
1440.669  26.898
1440.935  26.890
1441.200  26.887
1441.449  26.882
1441.715  26.879
1441.980  26.877
1442.229  26.870
1442.495  26.864
1442.744  26.858
1443.009  26.851
1443.275  26.845
1443.540  26.837
1443.789  26.830
1444.055  26.823
1444.320  26.816
1444.569  26.807
1444.835  26.799
1445.100  26.792
1445.349  26.784
1445.615  26.779
1445.880  26.771
1446.129  26.768
1446.395  26.765
1446.660  26.761
1446.909  26.758
1447.175  26.753
1447.440  26.748
1447.705  26.743
1447.955  26.738
1448.220  26.731
1448.485  26.727
1448.735  26.720
1449.000  26.714
1449.265  26.708
1449.515  26.704
1449.780  26.696
1450.045  26.685
1450.295  26.675
1450.560  26.670
1450.825  26.664
1451.075  26.660
1451.340  26.655
1451.605  26.647
1451.870  26.639
1452.120  26.631
1452.385  26.623
1452.650  26.617
1452.900  26.609
1453.165  26.601
1453.430  26.595
1453.695  26.590
1453.945  26.584
1454.210  26.577
1454.475  26.568
1454.741  26.560
1454.990  26.550
1455.255  26.543
1455.521  26.539
1455.770  26.534
1456.035  26.526
1456.301  26.519
1456.566  26.513
1456.815  26.507
1457.081  26.506
1457.346  26.499
1457.611  26.498
1457.861  26.497
1458.126  26.498
1458.391  26.498
1458.641  26.496
1458.906  26.492
1459.171  26.487
1459.436  26.484
1459.686  26.485
1459.951  26.489
1460.216  26.490
1460.481  26.492
1460.731  26.493
1460.996  26.498
1461.261  26.502
1461.527  26.500
1461.776  26.501
1462.041  26.504
1462.307  26.506
1462.572  26.506
1462.821  26.509
1463.087  26.513
1463.352  26.516
1463.617  26.519
1463.882  26.516
1464.132  26.520
1464.397  26.524
1464.662  26.528
1464.927  26.531
1465.177  26.530
1465.442  26.532
1465.707  26.527
1465.973  26.528
1466.222  26.526
1466.487  26.526
1466.753  26.527
1467.018  26.529
1467.267  26.532
1467.533  26.533
1467.798  26.531
1468.063  26.527
1468.328  26.524
1468.578  26.520
1468.843  26.519
1469.108  26.517
1469.373  26.513
1469.639  26.517
1469.888  26.515
1470.153  26.513
1470.419  26.510
1470.684  26.508
1470.949  26.503
1471.199  26.499
1471.464  26.497
1471.729  26.494
1471.994  26.496
1472.260  26.497
1472.509  26.495
1472.774  26.494
1473.040  26.491
1473.305  26.490
1473.570  26.489
1473.820  26.489
1474.085  26.489
1474.350  26.488
1474.615  26.486
1474.880  26.482
1475.146  26.478
1475.395  26.476
1475.660  26.474
1475.926  26.474
1476.191  26.473
1476.456  26.472
1476.721  26.472
1476.971  26.473
1477.236  26.475
1477.501  26.476
1477.766  26.472
1478.032  26.469
1478.297  26.466
1478.562  26.463
1478.812  26.462
1479.077  26.463
1479.342  26.462
1479.607  26.459
1479.872  26.455
1480.138  26.450
1480.387  26.443
1480.652  26.438
1480.918  26.433
1481.183  26.429
1481.448  26.422
1481.713  26.418
1481.978  26.413
1482.244  26.409
1482.493  26.408
1482.758  26.404
1483.024  26.405
1483.289  26.402
1483.554  26.396
1483.819  26.391
1484.084  26.387
1484.350  26.386
1484.615  26.384
1484.880  26.378
1485.130  26.371
1485.395  26.365
1485.660  26.363
1485.925  26.359
1486.190  26.356
1486.456  26.354
1486.721  26.351
1486.986  26.346
1487.251  26.341
1487.501  26.335
1487.766  26.329
1488.031  26.325
1488.296  26.324
1488.562  26.322
1488.827  26.318
1489.092  26.313
1489.357  26.309
1489.607  26.307
1489.872  26.305
1490.137  26.304
1490.402  26.298
1490.668  26.291
1490.933  26.288
1491.198  26.280
1491.463  26.276
1491.728  26.276
1491.978  26.273
1492.243  26.271
1492.508  26.263
1492.774  26.254
1493.039  26.251
1493.304  26.245
1493.569  26.241
1493.834  26.234
1494.100  26.229
1494.365  26.224
1494.630  26.218
1494.880  26.213
1495.145  26.209
1495.410  26.206
1495.675  26.203
1495.940  26.199
1496.206  26.195
1496.471  26.192
1496.736  26.185
1497.001  26.179
1497.266  26.173
1497.516  26.169
1497.781  26.163
1498.046  26.155
1498.312  26.149
1498.577  26.145
1498.842  26.139
1499.107  26.130
1499.372  26.129
1499.638  26.125
1499.903  26.118
1500.168  26.109
1500.433  26.102
1500.698  26.101
1500.964  26.100
1501.229  26.097
1501.494  26.092
1501.759  26.087
1502.024  26.085
1502.290  26.079
1502.555  26.074
1502.820  26.068
1503.085  26.062
1503.351  26.059
1503.616  26.055
1503.881  26.050
1504.146  26.042
1504.411  26.037
1504.677  26.030
1504.942  26.029
1505.207  26.026
1505.472  26.020
1505.737  26.015
1506.003  26.008
1506.268  26.002
1506.533  25.996
1506.798  25.988
1507.048  25.982
1507.313  25.977
1507.578  25.967
1507.843  25.956
1508.109  25.948
1508.374  25.939
1508.655  25.934
1508.920  25.923
1509.185  25.913
1509.450  25.903
1509.715  25.894
1509.981  25.891
1510.246  25.880
1510.511  25.874
1510.776  25.865
1511.041  25.858
1511.307  25.853
1511.572  25.845
1511.837  25.835
1512.102  25.830
1512.367  25.830
1512.633  25.826
1512.898  25.818
1513.163  25.809
1513.428  25.802
1513.693  25.797
1513.959  25.791
1514.224  25.784
1514.489  25.778
1514.754  25.770
1515.019  25.765
1515.285  25.758
1515.550  25.756
1515.815  25.754
1516.080  25.750
1516.345  25.746
1516.611  25.742
1516.876  25.733
1517.141  25.729
1517.406  25.726
1517.671  25.721
1517.937  25.717
1518.202  25.709
1518.467  25.703
1518.732  25.693
1519.013  25.686
1519.278  25.678
1519.543  25.668
1519.809  25.659
1520.074  25.652
1520.339  25.645
1520.604  25.637
1520.869  25.628
1521.135  25.623
1521.400  25.619
1521.665  25.611
1521.930  25.604
1522.195  25.595
1522.461  25.590
1522.726  25.583
1522.991  25.578
1523.256  25.569
1523.537  25.566
1523.802  25.560
1524.067  25.553
1524.333  25.547
1524.598  25.540
1524.863  25.536
1525.128  25.533
1525.393  25.526
1525.659  25.518
1525.924  25.510
1526.189  25.504
1526.454  25.498
1526.719  25.492
1527.000  25.487
1527.265  25.482
1527.531  25.476
1527.796  25.470
1528.061  25.467
1528.326  25.461
1528.591  25.453
1528.857  25.444
1529.122  25.439
1529.387  25.430
1529.652  25.421
1529.933  25.416
1530.198  25.408
1530.463  25.403
1530.729  25.397
1530.994  25.389
1531.259  25.380
1531.524  25.374
1531.789  25.367
1532.055  25.358
1532.320  25.350
1532.601  25.344
1532.866  25.336
1533.131  25.329
1533.396  25.322
1533.661  25.316
1533.927  25.311
1534.192  25.307
1534.473  25.303
1534.738  25.298
1535.003  25.294
1535.268  25.288
1535.534  25.283
1535.799  25.280
1536.064  25.278
1536.345  25.271
1536.610  25.266
1536.875  25.260
1537.140  25.257
1537.406  25.250
1537.686  25.245
1537.952  25.241
1538.217  25.237
1538.482  25.233
1538.747  25.229
1539.012  25.225
1539.278  25.221
1539.558  25.219
1539.824  25.214
1540.089  25.211
1540.354  25.208
1540.619  25.204
1540.884  25.199
1541.150  25.196
1541.430  25.192
1541.696  25.191
1541.961  25.187
1542.226  25.183
1542.491  25.178
1542.772  25.173
1543.037  25.167
1543.302  25.162
1543.568  25.158
1543.833  25.154
1544.098  25.152
1544.379  25.151
1544.644  25.149
1544.909  25.144
1545.174  25.145
1545.455  25.141
1545.720  25.141
1545.986  25.140
1546.251  25.137
1546.516  25.132
1546.781  25.129
1547.062  25.125
1547.327  25.124
1547.592  25.123
1547.858  25.120
1548.138  25.122
1548.404  25.120
1548.669  25.117
1548.934  25.115
1549.199  25.114
1549.480  25.114
1549.745  25.113
1550.010  25.108
1550.276  25.105
1550.541  25.105
1550.822  25.103
1551.087  25.100
1551.352  25.101
1551.617  25.104
1551.898  25.106
1552.163  25.105
1552.428  25.105
1552.694  25.101
1552.974  25.101
1553.240  25.100
1553.505  25.097
1553.770  25.097
1554.035  25.096
1554.316  25.092
1554.581  25.091
1554.846  25.089
1555.127  25.085
1555.392  25.088
1555.658  25.085
1555.923  25.081
1556.204  25.081
1556.469  25.080
1556.734  25.078
1556.999  25.078
1557.280  25.077
1557.545  25.077
1557.810  25.074
1558.076  25.070
1558.356  25.072
1558.622  25.072
1558.887  25.070
1559.152  25.069
1559.433  25.069
1559.698  25.065
1559.963  25.065
1560.228  25.063
1560.509  25.064
1560.774  25.064
1561.040  25.063
1561.305  25.063
1561.586  25.066
1561.851  25.065
1562.116  25.063
1562.381  25.063
1562.662  25.064
1562.927  25.069
1563.192  25.073
1563.473  25.076
1563.738  25.075
1564.004  25.076
1564.269  25.080
1564.550  25.082
1564.815  25.083
1565.080  25.088
1565.361  25.094
1565.626  25.100
1565.891  25.099
1566.157  25.105
1566.437  25.111
1566.703  25.113
1566.968  25.117
1567.249  25.122
1567.514  25.127
1567.779  25.134
1568.060  25.141
1568.325  25.146
1568.590  25.152
1568.871  25.158
1569.136  25.164
1569.401  25.174
1569.682  25.183
1569.947  25.190
1570.213  25.201
1570.493  25.213
1570.759  25.224
1571.024  25.236
1571.305  25.245
1571.570  25.257
1571.835  25.270
1572.116  25.285
1572.381  25.299
1572.646  25.313
1572.927  25.325
1573.192  25.340
1573.457  25.353
1573.738  25.370
1574.003  25.383
1574.269  25.397
1574.549  25.416
1574.815  25.435
1575.080  25.453
1575.361  25.472
1575.626  25.492
1575.891  25.513
1576.172  25.531
1576.437  25.551
1576.702  25.573
1576.983  25.594
1577.248  25.616
1577.513  25.640
1577.794  25.661
1578.059  25.680
1578.325  25.703
1578.605  25.725
1578.871  25.747
1579.136  25.768
1579.417  25.791
1579.682  25.814
1579.963  25.834
1580.228  25.854
1580.509  25.872
1580.774  25.893
1581.039  25.915
1581.320  25.936
1581.585  25.958
1581.850  25.976
1582.131  25.994
1582.396  26.014
1582.677  26.032
1582.942  26.048
1583.207  26.066
1583.488  26.083
1583.753  26.100
1584.034  26.116
1584.299  26.130
1584.565  26.142
1584.845  26.155
1585.111  26.171
1585.391  26.184
1585.657  26.194
1585.922  26.208
1586.203  26.219
1586.468  26.231
1586.749  26.241
1587.014  26.249
1587.295  26.258
1587.560  26.269
1587.825  26.276
1588.106  26.283
1588.371  26.293
1588.652  26.296
1588.917  26.301
1589.198  26.307
1589.463  26.313
1589.744  26.318
1590.009  26.325
1590.274  26.331
1590.555  26.339
1590.820  26.346
1591.101  26.352
1591.366  26.358
1591.647  26.364
1591.912  26.370
1592.193  26.372
1592.458  26.378
1592.739  26.385
1593.004  26.393
1593.285  26.399
1593.550  26.404
1593.815  26.410
1594.096  26.419
1594.361  26.424
1594.642  26.431
1594.907  26.433
1595.188  26.437
1595.453  26.444
1595.734  26.452
1595.999  26.457
1596.280  26.458
1596.546  26.463
1596.826  26.469
1597.092  26.476
1597.357  26.480
1597.638  26.484
1597.903  26.491
1598.184  26.496
1598.449  26.502
1598.730  26.507
1598.995  26.509
1599.276  26.515
1599.541  26.520
1599.822  26.526
1600.087  26.529
1600.368  26.534
1600.633  26.540
1600.914  26.545
1601.179  26.549
1601.460  26.551
1601.725  26.553
1602.006  26.556
1602.271  26.557
1602.552  26.558
1602.817  26.561
1603.098  26.562
1603.363  26.567
1603.644  26.571
1603.909  26.576
1604.190  26.575
1604.455  26.579
1604.736  26.585
1605.001  26.587
1605.282  26.588
1605.547  26.589
1605.828  26.595
1606.093  26.596
1606.374  26.599
1606.639  26.603
1606.920  26.602
1607.185  26.603
1607.466  26.608
1607.731  26.606
1608.012  26.608
1608.277  26.611
1608.558  26.614
1608.838  26.616
1609.104  26.617
1609.384  26.617
1609.650  26.619
1609.930  26.624
1610.196  26.625
1610.476  26.627
1610.742  26.629
1611.022  26.631
1611.303  26.635
1611.568  26.639
1611.849  26.638
1612.114  26.641
1612.395  26.641
1612.660  26.644
1612.941  26.643
1613.222  26.643
1613.487  26.644
1613.768  26.646
1614.033  26.649
1614.314  26.647
1614.579  26.649
1614.860  26.651
1615.141  26.652
1615.406  26.655
1615.687  26.659
1615.952  26.659
1616.233  26.657
1616.498  26.661
1616.779  26.660
1617.060  26.658
1617.325  26.658
1617.606  26.658
1617.871  26.661
1618.152  26.666
1618.417  26.663
1618.698  26.665
1618.978  26.668
1619.244  26.671
1619.524  26.671
1619.790  26.670
1620.070  26.671
1620.336  26.672
1620.616  26.674
1620.897  26.674
1621.162  26.677
1621.443  26.677
1621.708  26.681
1621.989  26.684
1622.270  26.687
1622.535  26.690
1622.816  26.694
1623.081  26.696
1623.362  26.696
1623.643  26.698
1623.908  26.696
1624.189  26.699
1624.470  26.700
1624.735  26.704
1625.016  26.702
1625.296  26.702
1625.562  26.703
1625.842  26.707
1626.108  26.710
1626.388  26.710
1626.669  26.708
1626.934  26.710
1627.215  26.714
1627.496  26.712
1627.761  26.713
1628.042  26.716
1628.307  26.717
1628.588  26.718
1628.869  26.721
1629.134  26.724
1629.415  26.728
1629.680  26.727
1629.961  26.730
1630.242  26.729
1630.507  26.732
1630.788  26.733
1631.069  26.733
1631.334  26.734
1631.615  26.734
1631.895  26.736
1632.161  26.736
1632.441  26.738
1632.722  26.739
1632.987  26.739
1633.268  26.737
1633.549  26.739
1633.814  26.741
1634.095  26.743
1634.376  26.743
1634.641  26.741
1634.922  26.743
1635.203  26.747
1635.468  26.749
1635.749  26.748
1636.029  26.747
1636.295  26.745
1636.575  26.745
1636.856  26.749
1637.121  26.750
1637.402  26.750
1637.683  26.750
1637.964  26.747
1638.229  26.744
1638.510  26.746
1638.791  26.746
1639.056  26.746
1639.337  26.748
1639.617  26.744
1639.883  26.740
1640.163  26.738
1640.444  26.739
1640.709  26.740
1640.990  26.741
1641.271  26.740
1641.552  26.743
1641.817  26.745
1642.098  26.743
1642.379  26.745
1642.659  26.746
1642.925  26.745
1643.205  26.746
1643.486  26.746
1643.751  26.745
1644.032  26.741
1644.313  26.742
1644.594  26.744
1644.859  26.746
1645.140  26.745
1645.421  26.744
1645.701  26.743
1645.967  26.745
1646.247  26.743
1646.528  26.745
1646.809  26.750
1647.074  26.749
1647.355  26.754
1647.636  26.753
1647.901  26.750
1648.182  26.754
1648.463  26.756
1648.743  26.759
1649.009  26.762
1649.289  26.761
1649.570  26.763
1649.851  26.764
1650.116  26.762
1650.397  26.762
1650.678  26.763
1650.959  26.766
1651.224  26.768
1651.505  26.770
1651.785  26.768
1652.051  26.769
1652.331  26.767
1652.612  26.768
1652.893  26.767
1653.158  26.769
1653.439  26.770
1653.720  26.772
1654.001  26.773
1654.281  26.775
1654.547  26.774
1654.827  26.772
1655.108  26.771
1655.389  26.771
1655.670  26.770
1655.935  26.768
1656.216  26.768
1656.497  26.770
1656.777  26.773
1657.058  26.779
1657.323  26.778
1657.604  26.775
1657.885  26.773
1658.166  26.772
1658.447  26.770
1658.728  26.773
1658.993  26.774
1659.274  26.774
1659.554  26.775
1659.835  26.772
1660.116  26.771
1660.397  26.772
1660.662  26.771
1660.943  26.775
1661.224  26.776
1661.504  26.776
1661.785  26.777
1662.066  26.777
1662.347  26.777
1662.612  26.777
1662.893  26.778
1663.174  26.777
1663.454  26.778
1663.735  26.780
1664.016  26.779
1664.297  26.777
1664.578  26.775
1664.843  26.772
1665.124  26.772
1665.404  26.771
1665.685  26.769
1665.966  26.769
1666.247  26.770
1666.528  26.774
1666.808  26.774
1667.074  26.772
1667.354  26.772
1667.635  26.769
1667.916  26.769
1668.197  26.770
1668.478  26.768
1668.758  26.770
1669.039  26.768
1669.320  26.769
1669.585  26.764
1669.866  26.766
1670.147  26.771
1670.428  26.773
1670.708  26.769
1670.989  26.768
1671.270  26.765
1671.535  26.763
1671.816  26.764
1672.097  26.763
1672.378  26.763
1672.658  26.768
1672.939  26.772
1673.220  26.775
1673.501  26.777
1673.782  26.779
1674.047  26.778
1674.328  26.776
1674.608  26.778
1674.889  26.776
1675.170  26.772
1675.451  26.774
1675.732  26.777
1676.012  26.780
1676.278  26.783
1676.558  26.781
1676.839  26.781
1677.120  26.781
1677.401  26.781
1677.682  26.783
1677.962  26.784
1678.243  26.787
1678.524  26.788
1678.805  26.786
1679.086  26.783
1679.351  26.786
