1343.917  26.262
1344.183  26.258
1344.432  26.235
1344.682  26.193
1344.931  26.184
1345.181  26.202
1345.431  26.235
1345.680  26.198
1345.930  26.200
1346.179  26.204
1346.429  26.227
1346.679  26.234
1346.928  26.263
1347.178  26.230
1347.428  26.207
1347.677  26.205
1347.942  26.221
1348.192  26.186
1348.442  26.188
1348.691  26.226
1348.941  26.225
1349.190  26.198
1349.440  26.193
1349.690  26.226
1349.939  26.196
1350.189  26.208
1350.438  26.224
1350.704  26.201
1350.953  26.176
1351.203  26.166
1351.452  26.182
1351.702  26.162
1351.952  26.190
1352.201  26.229
1352.451  26.214
1352.700  26.203
1352.950  26.191
1353.215  26.210
1353.465  26.212
1353.714  26.235
1353.964  26.224
1354.214  26.218
1354.463  26.229
1354.713  26.245
1354.962  26.239
1355.228  26.232
1355.477  26.207
1355.727  26.213
1355.976  26.184
1356.226  26.155
1356.476  26.154
1356.725  26.192
1356.990  26.205
1357.240  26.170
1357.490  26.149
1357.739  26.143
1357.989  26.196
1358.238  26.231
1358.488  26.237
1358.753  26.187
1359.003  26.155
1359.252  26.199
1359.502  26.256
1359.752  26.268
1360.017  26.235
1360.266  26.218
1360.516  26.232
1360.766  26.269
1361.015  26.257
1361.265  26.171
1361.514  26.130
1361.780  26.156
1362.029  26.217
1362.279  26.229
1362.528  26.195
1362.778  26.174
1363.028  26.156
1363.293  26.177
1363.542  26.157
1363.792  26.152
1364.042  26.167
1364.291  26.189
1364.556  26.220
1364.806  26.206
1365.056  26.232
1365.305  26.189
1365.555  26.149
1365.804  26.138
1366.070  26.181
1366.319  26.207
1366.569  26.196
1366.818  26.219
1367.068  26.239
1367.333  26.245
1367.583  26.223
1367.832  26.199
1368.082  26.192
1368.332  26.185
1368.581  26.155
1368.846  26.168
1369.096  26.169
1369.346  26.193
1369.595  26.202
1369.845  26.238
1370.110  26.228
1370.360  26.212
1370.609  26.212
1370.859  26.205
1371.108  26.191
1371.358  26.180
1371.623  26.217
1371.873  26.227
1372.122  26.191
1372.372  26.186
1372.622  26.284
1372.887  26.313
1373.136  26.310
1373.386  26.314
1373.651  26.373
1373.901  26.390
1374.150  26.453
1374.400  26.461
1374.650  26.448
1374.915  26.434
1375.164  26.446
1375.414  26.429
1375.679  26.370
1375.929  26.275
1376.178  26.190
1376.428  26.155
1376.693  26.092
1376.943  26.068
1377.192  26.097
1377.442  26.284
1377.707  26.389
1377.957  26.357
1378.207  26.202
1378.472  26.138
1378.721  26.099
1378.971  26.074
1379.236  26.141
1379.486  26.196
1379.735  26.204
1379.985  26.113
1380.250  26.081
1380.500  26.139
1380.749  26.211
1381.015  26.198
1381.264  26.142
1381.514  26.128
1381.779  26.112
1382.029  26.142
1382.278  26.140
1382.543  26.155
1382.793  26.138
1383.043  26.130
1383.308  26.109
1383.557  26.093
1383.807  26.055
1384.072  25.965
1384.322  25.903
1384.571  25.796
1384.837  25.729
1385.086  25.302
1385.336  24.286
1385.601  23.126
1385.851  22.161
1386.100  21.103
1386.365  19.706
1386.615  17.997
1386.880  16.418
1387.130  16.283
1387.379  16.611
1387.645  17.163
1387.894  17.054
1388.144  16.213
1388.409  14.641
1388.659  14.854
1388.908  16.971
1389.173  18.583
1389.423  19.187
1389.673  20.027
1389.938  21.547
1390.187  22.682
1390.453  23.162
1390.702  23.517
1390.952  23.728
1391.217  24.123
1391.467  24.927
1391.732  25.808
1391.981  26.137
1392.231  26.145
1392.496  26.190
1392.746  26.206
1393.011  26.204
1393.261  26.275
1393.510  26.357
1393.775  26.375
1394.025  26.265
1394.290  26.193
1394.540  26.214
1394.789  26.312
1395.055  26.314
1395.304  26.267
1395.569  26.246
1395.819  26.280
1396.069  26.262
1396.334  26.265
1396.583  26.232
1396.849  26.247
1397.098  26.227
1397.348  26.218
1397.613  26.194
1397.863  26.204
1398.128  26.202
1398.377  26.240
1398.643  26.278
1398.892  26.284
1399.142  26.272
1399.407  26.292
1399.657  26.317
1399.922  26.295
1400.171  26.263
1400.421  26.233
1400.686  26.202
1400.936  26.205
1401.201  26.259
1401.451  26.294
1401.700  26.270
1401.965  26.227
1402.215  26.222
1402.480  26.204
1402.730  26.214
1402.995  26.213
1403.245  26.238
1403.510  26.207
1403.759  26.189
1404.009  26.203
1404.274  26.211
1404.524  26.229
1404.789  26.246
1405.039  26.273
1405.304  26.243
1405.553  26.207
1405.819  26.180
1406.068  26.232
1406.333  26.271
1406.583  26.264
1406.833  26.204
1407.098  26.204
1407.347  26.193
1407.613  26.205
1407.862  26.218
1408.127  26.239
1408.377  26.219
1408.642  26.242
1408.892  26.246
1409.157  26.228
1409.407  26.185
1409.672  26.211
1409.922  26.226
1410.187  26.238
1410.436  26.258
1410.702  26.251
1410.951  26.231
1411.216  26.219
1411.466  26.238
1411.731  26.247
1411.981  26.230
1412.246  26.203
1412.496  26.215
1412.761  26.244
1413.010  26.223
1413.276  26.202
1413.525  26.161
1413.790  26.109
1414.040  26.167
1414.305  26.264
1414.555  26.299
1414.820  26.247
1415.070  26.249
1415.335  26.226
1415.584  26.225
1415.850  26.197
1416.099  26.169
1416.364  26.174
1416.614  26.220
1416.879  26.233
1417.129  26.213
1417.394  26.202
1417.644  26.234
1417.909  26.243
1418.158  26.219
1418.424  26.199
1418.673  26.234
1418.938  26.284
1419.204  26.314
1419.453  26.287
1419.718  26.254
1419.968  26.209
1420.233  26.222
1420.483  26.200
1420.748  26.226
1420.998  26.228
1421.263  26.222
1421.512  26.182
1421.778  26.168
1422.043  26.168
1422.292  26.172
1422.558  26.220
1422.807  26.256
1423.072  26.233
1423.322  26.196
1423.587  26.189
1423.852  26.198
1424.102  26.243
1424.367  26.273
1424.617  26.269
1424.882  26.197
1425.132  26.218
1425.397  26.228
1425.662  26.243
1425.912  26.187
1426.177  26.200
1426.426  26.179
1426.692  26.170
1426.957  26.160
1427.206  26.216
1427.472  26.236
1427.721  26.224
1427.986  26.197
1428.236  26.166
1428.517  26.117
1428.782  26.154
1429.032  26.190
1429.297  26.204
1429.546  26.145
1429.812  26.140
1430.077  26.141
1430.326  26.159
1430.592  26.154
1430.841  26.152
1431.106  26.154
1431.356  26.193
1431.621  26.173
1431.886  26.163
1432.136  26.134
1432.401  26.134
1432.651  26.080
1432.916  26.074
1433.166  26.117
1433.431  26.104
1433.680  26.069
1433.946  26.054
1434.211  26.088
1434.460  26.083
1434.726  26.064
1434.975  26.091
1435.240  26.114
1435.506  26.060
1435.755  26.039
1436.020  26.050
1436.270  26.067
1436.535  26.054
1436.800  26.043
1437.050  26.037
1437.315  26.007
1437.565  25.992
1437.830  26.035
1438.095  26.082
1438.345  26.066
1438.610  26.029
1438.860  26.064
1439.125  26.059
1439.390  26.006
1439.640  25.993
1439.905  25.999
1440.155  26.007
1440.420  26.010
1440.669  25.992
1440.935  25.981
1441.200  25.930
1441.449  25.950
1441.715  25.934
1441.980  25.931
1442.229  25.909
1442.495  25.937
1442.744  25.934
1443.009  25.908
1443.275  25.896
1443.540  25.869
1443.789  25.879
1444.055  25.874
1444.320  25.898
1444.569  25.881
1444.835  25.890
1445.100  25.878
1445.349  25.908
1445.615  25.914
1445.880  25.928
1446.129  25.864
1446.395  25.818
1446.660  25.815
1446.909  25.858
1447.175  25.835
1447.440  25.795
1447.705  25.786
1447.955  25.803
1448.220  25.795
1448.485  25.777
1448.735  25.759
1449.000  25.744
1449.265  25.737
1449.515  25.737
1449.780  25.754
1450.045  25.791
1450.295  25.822
1450.560  25.827
1450.825  25.820
1451.075  25.783
1451.340  25.741
1451.605  25.725
1451.870  25.718
1452.120  25.707
1452.385  25.725
1452.650  25.730
1452.900  25.710
1453.165  25.741
1453.430  25.717
1453.695  25.640
1453.945  25.559
1454.210  25.594
1454.475  25.633
1454.741  25.681
1454.990  25.707
1455.255  25.668
1455.521  25.591
1455.770  25.544
1456.035  25.575
1456.301  25.593
1456.566  25.558
1456.815  25.519
1457.081  25.519
1457.346  25.572
1457.611  25.581
1457.861  25.591
1458.126  25.583
1458.391  25.590
1458.641  25.553
1458.906  25.552
1459.171  25.566
1459.436  25.607
1459.686  25.584
1459.951  25.503
1460.216  25.476
1460.481  25.513
1460.731  25.622
1460.996  25.594
1461.261  25.617
1461.527  25.591
1461.776  25.620
1462.041  25.576
1462.307  25.590
1462.572  25.582
1462.821  25.564
1463.087  25.563
1463.352  25.576
1463.617  25.621
1463.882  25.628
1464.132  25.643
1464.397  25.615
1464.662  25.633
1464.927  25.639
1465.177  25.598
1465.442  25.570
1465.707  25.596
1465.973  25.659
1466.222  25.623
1466.487  25.624
1466.753  25.619
1467.018  25.662
1467.267  25.675
1467.533  25.629
1467.798  25.579
1468.063  25.583
1468.328  25.655
1468.578  25.659
1468.843  25.671
1469.108  25.630
1469.373  25.574
1469.639  25.556
1469.888  25.557
1470.153  25.572
1470.419  25.574
1470.684  25.612
1470.949  25.626
1471.199  25.647
1471.464  25.599
1471.729  25.553
1471.994  25.528
1472.260  25.544
1472.509  25.543
1472.774  25.575
1473.040  25.553
1473.305  25.573
1473.570  25.584
1473.820  25.601
1474.085  25.574
1474.350  25.571
1474.615  25.521
1474.880  25.477
1475.146  25.533
1475.395  25.596
1475.660  25.595
1475.926  25.594
1476.191  25.602
1476.456  25.618
1476.721  25.589
1476.971  25.606
1477.236  25.577
1477.501  25.556
1477.766  25.556
1478.032  25.559
1478.297  25.551
1478.562  25.506
1478.812  25.500
1479.077  25.521
1479.342  25.571
1479.607  25.563
1479.872  25.530
1480.138  25.519
1480.387  25.525
1480.652  25.538
1480.918  25.600
1481.183  25.611
1481.448  25.576
1481.713  25.518
1481.978  25.498
1482.244  25.491
1482.493  25.494
1482.758  25.498
1483.024  25.489
1483.289  25.521
1483.554  25.503
1483.819  25.456
1484.084  25.416
1484.350  25.435
1484.615  25.459
1484.880  25.470
1485.130  25.454
1485.395  25.428
1485.660  25.400
1485.925  25.423
1486.190  25.458
1486.456  25.471
1486.721  25.465
1486.986  25.472
1487.251  25.430
1487.501  25.389
1487.766  25.391
1488.031  25.456
1488.296  25.480
1488.562  25.454
1488.827  25.395
1489.092  25.362
1489.357  25.410
1489.607  25.438
1489.872  25.446
1490.137  25.416
1490.402  25.420
1490.668  25.403
1490.933  25.367
1491.198  25.309
1491.463  25.298
1491.728  25.307
1491.978  25.350
1492.243  25.377
1492.508  25.379
1492.774  25.353
1493.039  25.339
1493.304  25.349
1493.569  25.356
1493.834  25.370
1494.100  25.348
1494.365  25.310
1494.630  25.312
1494.880  25.305
1495.145  25.302
1495.410  25.307
1495.675  25.350
1495.940  25.367
1496.206  25.310
1496.471  25.232
1496.736  25.216
1497.001  25.243
1497.266  25.258
1497.516  25.237
1497.781  25.259
1498.046  25.260
1498.312  25.273
1498.577  25.253
1498.842  25.243
1499.107  25.248
1499.372  25.218
1499.638  25.210
1499.903  25.199
1500.168  25.263
1500.433  25.246
1500.698  25.185
1500.964  25.120
1501.229  25.175
1501.494  25.217
1501.759  25.193
1502.024  25.164
1502.290  25.174
1502.555  25.172
1502.820  25.109
1503.085  25.121
1503.351  25.185
1503.616  25.211
1503.881  25.153
1504.146  25.107
1504.411  25.122
1504.677  25.162
1504.942  25.197
1505.207  25.156
1505.472  25.115
1505.737  25.124
1506.003  25.145
1506.268  25.138
1506.533  25.111
1506.798  25.079
1507.048  25.092
1507.313  25.132
1507.578  25.123
1507.843  24.999
1508.109  24.967
1508.374  25.006
