0.094  2966.714
0.125  2964.143
0.156  2966.286
0.203  2968.714
0.234  2970.429
0.281  2970.429
0.313  2967.857
0.359  2968.857
0.391  2972.000
0.422  2976.286
0.453  2973.286
0.484  2972.571
0.516  2973.286
0.547  2975.857
0.578  2973.714
0.625  2971.286
0.656  2968.714
0.703  2972.571
0.734  2977.000
0.766  2982.143
0.797  2985.000
0.828  2982.429
0.859  2971.286
0.891  2960.857
0.938  2960.429
0.984  2963.714
1.016  2965.429
1.047  2965.429
1.078  2963.714
1.109  2962.571
1.141  2955.714
1.172  2948.857
1.203  2943.714
1.234  2942.857
1.266  2951.429
1.297  2963.143
1.328  2973.857
1.359  2972.429
1.391  2971.714
1.422  2969.571
1.453  2970.000
1.484  2970.000
1.516  2970.000
1.563  2970.000
1.625  2970.000
1.656  2970.000
1.688  2970.000
1.719  2970.000
1.750  2970.000
1.781  2970.000
1.813  2970.000
1.844  2970.000
1.875  2970.000
1.922  2970.000
1.969  2970.000
2.000  2970.000
2.031  2970.000
2.078  2970.000
2.125  2970.000
2.156  2970.000
2.188  2970.000
2.219  2970.000
2.250  2970.000
2.281  2970.000
2.328  2970.000
2.359  2970.000
2.391  2970.000
2.422  2970.000
2.453  2970.000
2.484  2970.000
2.516  2970.000
2.547  2970.000
2.578  2970.000
2.609  2970.000
2.656  2970.000
2.688  2970.000
2.719  2970.000
2.766  2970.000
2.813  2970.000
2.844  2970.000
2.875  2970.000
2.906  2970.000
2.953  2970.000
2.984  2970.000
3.016  2970.000
3.047  2970.000
3.078  2970.000
3.109  2970.000
3.141  2970.000
3.188  2970.000
3.219  2970.000
3.250  2970.000
3.281  2970.000
3.313  2970.000
3.359  2970.000
3.406  2970.000
3.438  2970.000
3.469  2970.000
3.500  2970.000
3.531  2970.000
3.563  2970.000
3.594  2970.000
3.656  2970.000
3.688  2970.000
3.734  2970.000
3.766  2970.000
3.813  2970.000
3.844  2970.000
3.875  2970.000
3.906  2970.000
3.938  2970.000
3.969  2970.000
4.016  2970.000
4.047  2970.000
4.078  2970.000
4.125  2970.000
4.156  2970.000
4.203  2970.000
4.234  2970.000
4.266  2970.000
4.313  2970.000
4.344  2970.000
4.375  2970.000
4.406  2970.000
4.453  2970.000
4.500  2970.000
4.531  2970.000
4.563  2970.000
4.594  2970.000
4.625  2970.000
4.656  2970.000
4.688  2970.000
4.719  2970.000
4.750  2970.000
4.797  2970.000
4.844  2970.000
4.875  2970.000
4.906  2970.000
4.953  2970.000
5.016  2970.000
5.047  2970.000
5.078  2970.000
5.125  2970.000
5.156  2970.000
5.203  2970.000
5.250  2970.000
5.297  2970.000
5.344  2970.000
5.375  2970.000
5.406  2970.000
5.438  2970.000
5.469  2970.000
5.500  2970.000
5.531  2970.000
5.563  2970.000
5.594  2970.000
5.625  2970.000
5.656  2970.000
5.703  2970.000
5.734  2970.000
5.766  2970.000
5.797  2970.000
5.828  2970.000
5.859  2970.000
5.906  2970.000
5.938  2970.000
5.969  2970.000
6.000  2970.000
6.031  2970.000
6.063  2970.000
6.109  2970.000
6.141  2970.000
6.172  2970.000
6.203  2970.000
6.234  2970.000
6.266  2970.000
6.297  2970.000
6.359  2970.000
6.391  2970.000
6.438  2970.000
6.484  2970.000
6.531  2970.000
6.563  2970.000
6.609  2970.000
6.641  2970.000
6.672  2970.000
6.703  2970.000
6.734  2970.000
6.766  2970.000
6.797  2970.000
6.828  2970.000
6.859  2970.000
6.891  2970.000
6.922  2970.429
6.953  2968.714
6.984  2965.857
7.031  2965.857
7.063  2968.714
7.094  2970.429
7.125  2970.000
7.156  2970.000
7.188  2970.000
7.219  2970.000
7.250  2970.429
7.281  2968.714
7.313  2966.286
7.344  2964.571
7.375  2965.000
7.406  2965.000
7.438  2964.571
7.469  2966.286
7.500  2968.714
7.531  2970.429
7.563  2970.000
7.594  2970.000
7.625  2970.000
7.688  2970.429
7.734  2968.286
7.766  2967.571
7.813  2968.286
7.859  2970.429
7.891  2970.000
7.922  2970.000
7.953  2970.000
7.984  2970.000
8.016  2970.000
8.047  2970.429
8.078  2968.714
8.109  2965.857
8.156  2965.857
8.188  2968.714
8.219  2970.429
8.266  2970.000
8.297  2970.000
8.328  2970.429
8.391  2968.286
8.438  2967.571
8.484  2968.714
8.516  2968.714
8.563  2968.000
8.594  2967.000
8.641  2966.286
8.672  2965.857
8.703  2968.714
8.750  2970.429
8.781  2970.000
8.813  2970.000
8.859  2970.429
8.906  2968.286
8.953  2967.571
8.984  2968.714
9.016  2968.714
9.078  2968.000
9.125  2966.571
9.172  2968.000
9.203  2968.714
9.234  2969.143
9.281  2965.857
9.328  2966.286
9.359  2967.429
9.391  2966.286
9.438  2965.857
9.484  2968.714
9.516  2970.429
9.547  2970.429
9.578  2968.714
9.625  2966.286
9.672  2964.571
9.703  2964.571
9.766  2966.714
9.813  2967.000
9.859  2968.429
9.906  2967.000
9.953  2966.714
9.984  2964.143
10.031  2966.286
10.078  2968.714
10.109  2970.429
10.141  2970.429
10.172  2968.714
10.203  2966.286
10.250  2964.571
10.281  2965.000
10.328  2965.000
10.359  2965.000
10.391  2964.571
10.438  2966.714
10.484  2967.429
10.531  2966.714
10.578  2964.571
10.625  2965.000
10.672  2965.000
10.703  2965.000
10.750  2964.571
10.797  2966.714
10.844  2967.429
10.875  2966.286
10.922  2966.286
10.969  2967.429
11.016  2966.286
11.078  2966.286
11.125  2967.429
11.172  2966.714
11.219  2964.571
11.250  2965.000
11.281  2965.000
11.313  2965.000
11.344  2965.000
11.391  2965.000
11.438  2965.000
11.484  2965.000
11.531  2965.000
11.578  2965.000
11.625  2965.000
11.672  2965.000
11.703  2965.000
11.766  2965.000
11.797  2965.000
11.828  2965.000
11.859  2965.000
11.891  2965.000
11.922  2965.000
11.969  2965.000
12.000  2965.000
12.031  2965.000
12.063  2965.000
12.094  2965.000
12.141  2965.000
12.188  2965.000
12.219  2965.000
12.250  2965.000
12.297  2965.000
12.344  2964.571
12.391  2966.714
12.438  2967.429
12.469  2966.714
12.500  2964.571
12.547  2965.000
12.594  2965.000
12.641  2965.000
12.688  2965.000
12.734  2965.000
12.781  2965.000
12.828  2965.000
12.859  2965.000
12.891  2965.000
12.938  2965.000
12.984  2965.000
13.031  2965.000
13.078  2965.000
13.141  2965.000
13.188  2965.000
13.234  2965.000
13.281  2965.000
13.328  2965.000
13.359  2965.000
13.391  2965.000
13.422  2965.000
13.453  2965.000
13.500  2965.000
13.547  2965.000
13.578  2965.000
13.609  2965.000
13.641  2965.000
13.672  2965.000
13.719  2965.000
13.766  2965.000
13.813  2965.000
13.844  2965.000
13.875  2965.000
13.922  2965.000
13.953  2965.000
13.984  2965.000
14.031  2965.000
14.078  2965.000
14.125  2965.000
14.172  2965.000
14.203  2965.000
14.250  2965.000
14.297  2965.000
14.344  2965.000
14.391  2965.000
14.453  2965.000
14.500  2965.000
14.547  2965.000
14.578  2965.000
14.625  2966.286
14.672  2961.571
14.719  2950.857
14.750  2952.714
14.797  2950.857
14.844  2946.571
14.891  2941.143
14.922  2950.000
14.953  2949.143
14.984  2945.429
15.016  2948.429
15.063  2947.286
15.109  2950.286
15.172  2945.571
15.219  2936.714
15.266  2932.286
15.313  2945.286
15.359  2941.857
15.406  2933.714
15.453  2946.143
15.484  2962.714
15.516  2963.143
15.547  2961.143
15.578  2966.286
15.609  2963.714
15.656  2961.286
15.703  2959.571
15.750  2959.571
15.781  2961.286
15.844  2964.143
15.891  2963.714
15.938  2963.000
15.969  2962.000
16.000  2961.714
16.031  2959.143
16.063  2961.286
16.109  2964.143
16.156  2964.143
16.203  2961.286
16.234  2959.143
16.266  2961.286
16.313  2964.143
16.344  2963.714
16.375  2962.571
16.422  2963.286
16.453  2965.429
16.484  2965.000
16.547  2965.429
16.594  2963.714
16.641  2960.857
16.672  2961.286
16.719  2962.000
16.766  2963.429
16.813  2962.000
16.859  2961.714
16.906  2959.571
16.953  2960.000
16.984  2960.000
17.031  2960.000
17.063  2960.000
17.094  2960.000
17.125  2959.571
17.188  2961.286
17.234  2964.143
17.281  2964.143
17.328  2961.286
17.375  2959.571
17.422  2960.000
17.469  2960.000
17.500  2960.000
17.531  2960.000
17.563  2960.000
17.609  2960.000
17.656  2960.000
17.703  2960.000
17.734  2960.000
17.766  2960.000
17.813  2960.000
17.875  2960.000
17.922  2960.000
17.969  2960.000
18.016  2960.000
18.047  2960.000
18.078  2960.000
18.109  2960.000
18.156  2960.000
18.203  2960.000
18.250  2960.000
18.281  2960.000
18.328  2960.000
18.375  2960.000
18.422  2960.000
18.453  2960.000
18.484  2960.000
18.547  2960.000
18.594  2960.000
18.641  2960.000
18.688  2960.000
18.734  2960.000
18.766  2960.000
18.797  2960.000
18.828  2960.000
18.859  2960.000
18.891  2960.000
18.938  2960.000
18.984  2960.000
19.031  2960.000
19.078  2960.000
19.125  2960.000
19.172  2960.000
19.234  2960.000
19.281  2960.000
19.328  2960.000
19.375  2960.000
19.422  2960.000
19.453  2960.000
19.484  2960.000
19.531  2960.000
19.578  2960.000
19.625  2960.000
19.672  2960.000
19.719  2960.000
19.766  2960.000
19.813  2960.000
19.875  2960.000
19.906  2960.000
19.938  2960.000
19.969  2960.000
20.000  2960.000
20.031  2960.000
20.063  2960.000
20.094  2960.000
20.141  2960.000
20.188  2960.000
20.234  2960.000
20.281  2960.000
20.313  2960.000
20.344  2960.000
20.375  2960.000
20.406  2960.000
20.453  2960.000
20.500  2960.000
20.531  2960.000
20.578  2960.000
20.625  2960.000
20.656  2960.000
20.688  2960.000
20.719  2960.000
20.750  2960.000
20.781  2960.000
20.813  2960.000
20.844  2960.000
20.891  2960.000
20.938  2960.000
20.969  2960.000
21.000  2960.000
21.047  2960.000
21.094  2960.000
21.141  2960.000
21.188  2960.000
21.250  2960.000
21.297  2960.000
21.344  2960.000
21.375  2960.000
21.422  2960.000
21.469  2960.000
21.516  2960.000
21.547  2960.000
21.578  2960.000
21.609  2960.000
21.641  2960.000
21.688  2960.000
21.719  2960.000
21.766  2960.000
21.813  2960.000
21.859  2960.000
21.922  2960.000
21.969  2960.000
22.000  2960.000
22.031  2960.000
22.063  2960.000
22.094  2960.000
22.141  2960.000
22.188  2960.000
22.219  2960.000
22.266  2960.000
22.313  2960.000
22.359  2960.000
22.406  2960.000
22.453  2960.000
22.500  2960.000
22.531  2960.000
22.578  2960.000
22.625  2960.000
22.672  2960.000
22.719  2960.000
22.766  2960.000
22.813  2960.000
22.859  2960.000
22.906  2960.000
22.953  2960.000
23.000  2960.000
23.031  2960.000
23.078  2960.000
23.125  2960.000
23.156  2960.000
23.203  2960.000
23.234  2960.000
23.297  2960.000
23.344  2960.000
23.375  2960.000
23.422  2960.000
23.469  2960.000
23.500  2960.000
23.531  2960.000
23.563  2960.000
23.609  2960.000
23.656  2960.000
23.703  2960.000
23.734  2960.000
23.766  2960.000
23.797  2960.000
23.828  2960.000
23.859  2960.000
23.891  2960.000
23.922  2960.000
23.969  2960.000
24.000  2960.000
24.031  2960.000
24.063  2960.429
24.094  2958.286
24.141  2957.571
24.188  2958.286
24.219  2960.857
24.250  2958.286
24.297  2957.571
24.344  2958.286
24.391  2960.429
24.438  2960.429
24.484  2958.286
24.531  2957.571
24.578  2958.714
24.641  2958.714
24.688  2957.571
24.734  2958.714
24.781  2959.143
24.813  2956.286
24.844  2954.143
24.891  2956.286
24.938  2958.714
24.984  2960.857
25.031  2958.714
25.078  2955.857
25.125  2956.286
25.172  2957.000
25.219  2958.000
25.266  2958.714
25.313  2959.143
25.344  2956.286
25.375  2954.571
25.406  2955.000
25.438  2955.000
25.484  2955.000
25.531  2955.000
25.578  2955.000
25.625  2955.000
25.656  2955.000
25.688  2955.000
25.719  2955.000
25.750  2955.000
25.781  2955.000
25.828  2955.000
25.875  2955.000
25.922  2955.000
25.969  2954.571
26.031  2956.286
26.078  2959.143
26.109  2959.143
26.141  2956.286
26.188  2954.571
26.234  2955.000
26.281  2955.000
26.328  2955.000
26.375  2955.000
26.422  2955.000
26.469  2955.000
26.516  2955.000
26.563  2955.000
26.609  2955.000
26.672  2955.000
26.719  2955.000
26.766  2955.000
26.813  2955.000
26.859  2955.000
26.906  2955.000
26.938  2955.000
26.969  2955.000
27.016  2955.000
27.063  2955.000
27.094  2955.000
27.125  2955.000
27.156  2955.000
27.203  2955.000
27.250  2955.000
27.297  2955.000
27.359  2955.000
27.406  2955.000
27.438  2955.000
27.469  2955.000
27.500  2955.000
27.531  2955.000
27.578  2955.000
27.625  2955.000
27.656  2955.000
27.688  2955.000
27.734  2955.000
27.781  2955.000
27.813  2955.000
27.859  2955.000
27.906  2955.000
27.953  2955.000
28.016  2955.000
28.063  2955.000
28.094  2955.000
28.125  2955.000
28.172  2955.000
28.219  2955.000
28.266  2955.429
28.297  2953.286
28.344  2952.571
28.391  2953.286
28.438  2955.429
28.484  2955.000
28.531  2955.000
28.563  2955.000
28.594  2955.000
28.625  2955.000
28.672  2955.000
28.734  2955.000
28.781  2955.000
28.813  2955.000
28.844  2955.000
28.875  2955.000
28.906  2955.000
28.938  2955.000
28.969  2955.000
29.000  2955.000
29.047  2955.000
29.094  2955.000
29.141  2955.000
29.172  2955.000
29.219  2955.000
29.266  2955.000
29.313  2955.000
29.375  2955.000
29.422  2955.000
29.469  2955.000
29.500  2955.000
29.547  2955.000
29.594  2955.000
29.641  2955.000
29.688  2955.000
29.719  2955.000
29.750  2955.000
29.797  2955.000
29.828  2955.000
29.859  2955.000
29.906  2955.000
29.938  2955.000
29.984  2955.000
30.047  2955.000
30.094  2955.000
30.141  2955.000
30.188  2955.000
30.234  2955.000
30.266  2955.000
30.313  2955.000
30.359  2955.000
30.406  2955.000
30.453  2955.000
30.500  2955.000
30.547  2955.000
30.594  2955.000
30.641  2955.000
30.688  2955.000
30.750  2955.000
30.797  2955.000
30.844  2955.000
30.891  2955.000
30.938  2955.429
30.984  2953.286
31.016  2952.571
31.047  2953.714
31.078  2953.714
31.125  2953.000
31.172  2951.571
31.203  2953.429
31.234  2951.571
31.281  2953.000
31.328  2953.286
31.359  2955.429
31.406  2955.000
31.453  2955.000
31.500  2955.000
31.547  2955.429
31.594  2953.286
31.641  2953.000
31.688  2951.571
31.734  2953.429
31.781  2951.571
31.828  2953.000
31.875  2953.286
31.922  2955.857
31.969  2953.714
32.016  2951.286
32.078  2949.571
32.125  2950.000
32.172  2949.571
32.219  2951.286
32.266  2953.714
32.313  2955.429
32.359  2955.000
32.406  2955.000
32.453  2955.000
32.500  2955.000
32.547  2955.000
32.594  2955.000
32.641  2955.429
32.688  2953.714
32.734  2951.286
32.797  2949.571
32.844  2949.571
32.891  2951.286
32.938  2954.143
32.984  2954.143
33.031  2951.286
33.078  2949.143
33.125  2951.714
33.172  2952.429
33.203  2951.286
33.250  2951.286
33.297  2952.429
33.344  2951.714
33.375  2949.571
33.438  2950.000
33.484  2950.000
33.516  2950.000
33.563  2950.000
33.609  2950.000
33.656  2950.000
33.703  2950.000
33.750  2950.000
33.797  2950.000
33.844  2950.000
33.891  2950.000
33.938  2950.000
33.984  2950.000
34.031  2950.000
34.078  2949.571
34.141  2951.714
34.188  2952.429
34.234  2951.714
34.281  2949.571
34.328  2950.000
34.375  2950.000
34.422  2950.000
34.469  2950.000
34.500  2949.571
34.547  2951.714
34.594  2952.429
34.625  2951.714
34.672  2949.571
34.719  2950.000
34.781  2950.000
34.828  2950.000
34.875  2950.000
34.922  2950.000
34.969  2950.000
35.016  2950.000
35.063  2950.000
35.109  2950.000
35.156  2950.000
35.203  2950.000
35.250  2950.000
35.297  2950.000
35.344  2950.000
35.391  2950.000
35.438  2950.000
35.500  2950.000
35.531  2950.000
35.563  2949.571
35.594  2951.714
35.641  2952.429
35.688  2951.714
35.719  2949.571
35.766  2950.000
35.813  2950.000
35.844  2950.000
35.875  2950.000
35.922  2950.000
35.969  2950.000
36.016  2950.000
36.063  2950.000
36.109  2950.000
36.172  2950.000
36.219  2950.000
36.266  2950.000
36.313  2950.000
36.359  2950.000
36.406  2950.000
36.453  2950.000
36.500  2950.000
36.547  2950.000
36.594  2950.000
36.641  2950.000
36.688  2950.000
36.734  2950.000
36.781  2950.000
36.844  2950.000
36.891  2950.000
36.938  2950.000
36.984  2950.000
37.031  2950.000
37.063  2950.000
37.109  2950.000
37.156  2950.000
37.203  2950.000
37.250  2950.000
37.281  2950.000
37.328  2950.000
37.375  2950.000
37.422  2950.000
37.469  2950.000
37.531  2950.000
37.578  2950.000
37.625  2950.000
37.672  2950.000
37.719  2950.000
37.766  2950.000
37.813  2950.000
37.859  2950.000
37.906  2950.000
37.953  2950.000
38.000  2950.000
38.047  2950.000
38.094  2950.000
38.141  2950.000
38.203  2950.000
38.250  2950.000
38.297  2950.000
38.344  2950.000
38.391  2950.000
38.438  2950.000
38.484  2950.000
38.531  2950.000
38.594  2950.000
38.641  2950.000
38.688  2950.000
38.734  2950.429
38.781  2948.714
38.844  2945.857
38.891  2945.857
38.938  2949.143
39.000  2949.143
39.047  2945.857
39.094  2946.286
39.141  2947.000
39.188  2948.000
39.234  2948.286
39.281  2950.429
39.328  2950.000
39.375  2950.000
39.422  2950.000
39.469  2950.000
39.531  2950.429
39.578  2948.286
39.625  2948.000
39.688  2946.571
39.719  2948.429
39.766  2946.571
39.813  2948.000
39.859  2948.714
39.906  2948.714
39.953  2947.571
40.000  2948.714
40.047  2949.143
40.094  2946.286
40.141  2944.571
40.188  2945.000
40.266  2945.000
40.313  2945.000
40.359  2945.000
40.406  2945.000
40.453  2945.000
40.500  2945.000
40.547  2945.000
40.594  2945.000
40.641  2945.000
40.688  2945.000
40.734  2945.000
40.781  2945.000
40.828  2945.000
40.891  2945.000
40.938  2944.571
40.984  2946.714
41.031  2947.429
41.094  2946.286
41.141  2945.857
41.172  2948.714
41.219  2950.857
41.266  2948.714
41.313  2946.286
41.344  2944.571
41.391  2945.000
41.438  2945.000
41.484  2945.000
41.531  2945.000
41.594  2945.000
41.641  2945.000
41.672  2945.000
41.719  2945.000
41.766  2945.000
41.828  2945.000
41.875  2945.000
41.922  2945.000
41.969  2945.000
42.016  2944.571
42.063  2946.714
42.109  2947.429
42.156  2946.714
42.203  2944.571
42.266  2945.000
42.297  2945.000
42.344  2945.000
42.391  2945.000
42.438  2945.000
42.484  2945.000
42.531  2945.000
42.578  2945.000
42.641  2945.000
42.688  2945.000
42.734  2945.000
42.781  2945.000
42.828  2945.000
42.891  2945.000
42.953  2945.000
43.000  2945.000
43.047  2945.000
43.094  2945.000
43.141  2945.000
43.188  2945.000
43.234  2945.000
43.297  2945.000
43.344  2945.000
43.391  2945.000
43.438  2945.000
43.484  2945.000
43.531  2945.000
43.578  2945.000
43.641  2945.000
43.688  2945.000
43.734  2945.000
43.781  2945.000
43.828  2945.000
43.875  2945.000
43.922  2945.000
43.969  2945.000
44.016  2945.000
44.063  2945.000
44.109  2945.000
44.156  2945.000
44.219  2945.000
44.281  2945.000
44.344  2945.000
44.391  2945.000
44.422  2945.000
44.469  2945.000
44.516  2945.000
44.578  2945.000
44.625  2945.000
44.672  2945.000
44.734  2945.000
44.797  2945.000
44.844  2945.000
44.891  2945.000
44.938  2945.000
45.000  2945.000
45.047  2945.000
45.094  2945.000
45.141  2945.000
45.188  2945.000
45.234  2945.000
45.281  2945.000
45.328  2945.000
45.375  2945.000
45.422  2945.000
45.469  2945.000
45.516  2945.000
45.563  2945.000
45.609  2945.000
45.672  2945.000
45.734  2945.000
45.797  2945.000
45.844  2945.000
45.891  2945.000
45.938  2945.000
45.984  2945.000
46.031  2945.000
46.078  2945.000
46.125  2945.000
46.172  2945.000
46.219  2945.000
46.281  2945.000
46.344  2945.000
46.391  2945.000
46.438  2945.000
46.484  2945.000
46.531  2945.000
46.578  2945.000
46.625  2945.000
46.672  2945.000
46.719  2945.000
46.766  2945.000
46.813  2945.000
46.859  2945.000
46.906  2945.000
46.969  2945.000
47.031  2945.000
47.078  2945.000
47.125  2945.000
47.172  2945.000
47.219  2945.000
47.266  2945.000
47.313  2945.000
47.359  2945.000
47.406  2945.000
47.453  2945.000
47.500  2945.000
47.547  2945.000
47.594  2945.000
47.656  2945.000
47.703  2945.000
47.766  2945.000
47.828  2945.000
47.891  2945.000
47.953  2945.000
48.000  2945.000
48.047  2945.000
48.094  2945.000
48.141  2945.000
48.188  2945.000
48.234  2946.286
48.297  2939.000
48.359  2941.143
48.406  2946.429
48.453  2943.286
48.500  2934.857
48.547  2929.286
48.594  2924.714
48.641  2925.143
48.688  2929.286
48.734  2929.857
48.781  2916.000
48.828  2911.857
48.875  2915.429
48.938  2924.857
49.000  2920.000
49.063  2923.143
49.125  2936.857
49.188  2947.571
49.250  2945.000
49.297  2945.000
49.344  2945.000
49.391  2945.000
49.438  2945.000
49.500  2945.000
49.547  2945.000
49.594  2945.000
49.641  2945.000
49.688  2945.429
49.750  2943.286
49.797  2943.000
49.844  2941.571
49.891  2943.000
49.938  2943.286
49.984  2945.429
50.031  2945.000
50.078  2945.000
50.125  2945.000
50.172  2945.000
50.219  2945.000
50.266  2945.000
50.313  2945.000
50.375  2945.000
50.422  2945.000
50.469  2945.000
50.516  2945.000
50.563  2945.000
50.609  2945.000
50.656  2945.429
50.703  2943.286
50.766  2942.571
50.828  2943.286
50.891  2945.429
50.938  2945.000
50.984  2945.000
51.047  2945.429
51.109  2943.286
51.156  2942.571
51.203  2943.286
51.250  2945.429
51.297  2945.000
51.344  2945.000
51.391  2945.429
51.438  2943.286
51.484  2942.571
51.547  2943.286
51.594  2945.857
51.656  2943.714
51.734  2940.857
51.797  2940.857
51.844  2943.714
51.891  2945.857
51.938  2943.286
52.000  2943.000
52.047  2942.000
52.109  2941.286
52.172  2940.857
52.219  2943.714
52.266  2945.857
52.313  2943.286
52.359  2942.571
52.422  2943.286
52.469  2945.429
52.516  2945.429
52.563  2943.286
52.609  2943.000
52.656  2941.571
52.703  2943.000
52.766  2943.286
52.813  2945.429
52.859  2945.000
52.906  2945.000
52.953  2945.000
53.000  2945.000
53.047  2945.000
53.109  2945.429
53.156  2943.286
53.203  2943.000
53.250  2941.571
53.313  2943.000
53.375  2943.714
53.422  2943.714
53.484  2943.000
53.531  2942.000
53.578  2941.286
53.625  2941.286
53.672  2942.429
53.719  2941.714
53.781  2939.571
53.828  2940.000
53.875  2939.571
53.922  2941.714
53.969  2942.000
54.016  2943.429
54.063  2941.571
54.125  2943.000
54.172  2943.714
54.234  2943.714
54.281  2942.571
54.328  2943.286
54.375  2945.857
54.438  2943.714
54.484  2941.286
54.531  2939.571
54.578  2940.000
54.625  2940.000
54.672  2940.000
54.719  2940.000
54.766  2940.000
54.813  2939.571
54.859  2941.286
54.906  2943.714
54.953  2945.857
55.000  2943.286
55.047  2942.571
55.109  2943.286
55.156  2945.857
55.219  2943.714
55.281  2941.286
55.328  2939.571
55.375  2940.000
55.422  2940.000
55.469  2940.000
55.516  2939.571
55.563  2941.286
55.609  2944.143
55.656  2943.714
55.703  2943.000
55.750  2942.000
55.813  2941.714
55.859  2939.571
55.906  2940.000
55.969  2940.000
56.016  2939.571
56.063  2941.286
56.109  2943.714
56.156  2945.857
56.203  2943.714
56.250  2940.857
56.297  2941.286
56.344  2942.000
56.406  2943.429
56.469  2942.000
56.531  2941.286
56.578  2941.286
56.625  2942.429
56.672  2941.714
56.719  2939.571
56.766  2940.000
56.813  2940.000
56.875  2940.000
56.922  2940.000
56.969  2940.000
57.016  2940.000
57.063  2939.571
57.109  2941.714
57.188  2942.429
57.234  2941.286
57.281  2941.286
57.328  2942.000
57.375  2943.429
57.422  2942.000
57.469  2941.286
57.516  2940.857
57.563  2944.143
57.609  2944.143
57.656  2940.857
57.719  2941.286
57.781  2942.429
57.844  2941.714
57.891  2939.571
57.938  2940.000
57.984  2939.571
58.031  2941.714
58.078  2942.000
58.125  2943.000
58.172  2943.286
58.219  2945.857
58.266  2943.286
58.313  2942.571
58.375  2943.286
58.422  2945.857
58.484  2943.714
58.547  2941.286
58.594  2939.143
58.656  2941.714
58.719  2942.000
58.781  2943.000
58.844  2943.714
58.891  2944.143
58.938  2941.286
58.984  2939.143
59.047  2941.714
59.109  2942.000
59.172  2943.000
59.219  2944.143
59.281  2942.429
59.328  2938.857
59.375  2937.429
59.438  2942.143
59.500  2942.000
59.547  2943.000
59.594  2943.286
59.641  2945.857
59.688  2943.286
59.734  2943.000
59.797  2941.571
59.859  2943.000
59.906  2943.714
59.953  2943.714
60.016  2942.571
60.063  2943.286
60.109  2945.429
60.156  2945.000
60.203  2945.000
60.250  2945.000
60.297  2945.000
60.344  2945.000
60.391  2945.429
60.438  2943.286
60.484  2943.000
60.547  2941.571
60.594  2943.000
60.641  2943.286
60.688  2945.429
60.734  2945.429
60.781  2943.286
60.828  2942.571
60.875  2943.286
60.922  2945.857
60.969  2943.286
61.031  2943.000
61.078  2941.571
61.125  2943.000
61.188  2943.286
61.250  2945.429
61.297  2945.000
61.344  2945.000
61.391  2945.000
61.438  2945.000
61.484  2945.000
61.531  2945.429
61.578  2943.286
61.625  2943.000
61.672  2941.571
61.719  2943.000
61.766  2943.286
61.828  2945.857
61.906  2943.286
61.953  2943.000
62.000  2941.571
62.047  2943.000
62.094  2943.286
62.141  2945.429
62.188  2945.000
62.234  2945.429
62.281  2943.714
62.328  2940.857
62.375  2940.857
62.438  2943.714
62.500  2945.429
62.547  2945.000
62.609  2945.000
62.672  2945.000
62.719  2945.429
62.766  2943.286
62.813  2942.571
62.859  2943.286
62.922  2945.429
62.984  2945.000
63.031  2945.000
63.078  2945.000
63.125  2945.000
63.188  2945.000
63.250  2945.000
63.297  2945.429
63.344  2943.286
63.391  2942.571
63.438  2943.286
63.484  2945.429
63.531  2945.000
63.578  2945.000
63.625  2945.000
63.672  2945.000
63.719  2945.000
63.766  2945.000
63.813  2945.000
63.859  2945.000
63.922  2945.000
63.969  2945.000
64.031  2945.000
64.094  2945.000
64.141  2945.000
64.188  2945.000
64.234  2945.000
64.281  2945.000
64.328  2945.000
64.375  2945.000
64.438  2945.000
64.484  2945.000
64.531  2945.000
64.594  2945.000
64.641  2945.000
64.688  2945.000
64.750  2945.000
64.813  2945.000
64.875  2945.000
64.922  2945.000
64.969  2945.000
65.016  2945.000
65.063  2945.000
65.109  2945.000
65.156  2945.000
65.203  2945.000
65.266  2945.000
65.328  2945.000
65.391  2945.000
65.438  2945.000
65.484  2945.000
65.531  2945.000
65.594  2945.000
65.656  2945.429
65.703  2943.286
65.766  2942.571
65.828  2943.286
65.875  2945.429
65.922  2945.000
65.984  2945.000
66.031  2945.000
66.078  2945.000
66.125  2945.000
66.172  2945.000
66.219  2945.000
66.266  2945.000
66.313  2945.000
66.359  2945.429
66.422  2943.286
66.469  2942.571
66.516  2943.286
66.563  2945.429
66.641  2945.000
66.703  2945.000
66.750  2945.000
66.797  2945.000
66.859  2945.000
66.906  2945.000
66.969  2945.000
67.031  2945.000
67.078  2945.000
67.125  2945.000
67.172  2945.000
67.219  2945.000
67.266  2945.000
67.328  2945.000
67.391  2945.000
67.453  2945.000
67.516  2945.000
67.578  2945.000
67.625  2945.000
67.688  2945.000
67.750  2945.000
67.813  2945.000
67.859  2945.000
67.906  2945.000
67.969  2945.000
68.016  2945.000
68.078  2945.000
68.141  2945.000
68.203  2945.000
68.266  2945.000
68.313  2945.000
68.359  2945.000
68.406  2945.000
68.453  2945.000
68.500  2945.000
68.547  2945.000
68.594  2945.000
68.656  2945.000
68.703  2945.000
68.750  2945.000
68.797  2945.000
68.844  2945.000
68.906  2945.000
68.953  2945.000
69.000  2945.000
69.063  2945.000
69.125  2945.000
69.188  2945.000
69.250  2945.000
69.313  2945.000
69.375  2945.000
69.438  2945.000
69.484  2945.000
69.547  2945.000
69.609  2945.000
69.656  2945.000
69.703  2945.000
69.750  2945.000
69.813  2945.000
69.859  2945.000
69.906  2945.000
69.953  2945.000
70.031  2945.000
70.094  2945.000
70.141  2945.000
70.188  2945.000
70.234  2945.000
70.281  2945.000
70.328  2945.000
70.375  2945.000
70.422  2945.000
70.469  2945.000
70.516  2945.000
70.563  2945.000
70.609  2945.000
70.656  2945.000
70.719  2945.000
70.781  2945.000
70.828  2945.000
70.875  2945.000
70.922  2945.000
70.969  2945.000
71.016  2945.000
71.063  2945.000
71.109  2945.000
71.172  2945.000
71.219  2945.000
71.281  2945.000
71.328  2945.000
71.391  2945.000
71.453  2945.000
71.500  2945.000
71.547  2945.000
71.594  2945.000
71.656  2945.000
71.703  2945.000
71.750  2945.000
71.797  2945.000
71.859  2945.000
71.922  2945.000
71.969  2945.000
72.047  2945.000
72.109  2945.000
72.172  2945.000
72.219  2945.000
72.266  2945.000
72.313  2945.000
72.375  2945.000
72.422  2945.000
72.469  2945.000
72.531  2945.000
72.594  2945.000
72.656  2945.000
72.734  2945.000
72.797  2945.000
72.844  2945.000
72.891  2945.000
72.938  2945.000
72.984  2945.000
73.031  2945.429
73.078  2943.714
73.125  2941.286
73.172  2939.571
73.219  2940.000
73.266  2940.000
73.313  2940.000
73.359  2939.571
73.422  2941.286
73.484  2944.143
73.547  2944.143
73.609  2941.286
73.656  2939.571
73.703  2940.429
73.750  2938.286
73.797  2937.571
73.844  2938.286
73.891  2940.000
73.953  2940.857
74.016  2945.429
74.078  2948.286
74.125  2945.429
74.172  2943.857
74.219  2931.000
74.266  2913.143
74.328  2893.143
74.375  2905.714
74.438  2935.714
74.484  2953.143
74.531  2931.286
74.578  2914.429
74.625  2916.857
74.672  2921.286
74.719  2919.714
74.781  2910.571
74.828  2896.429
74.875  2892.143
74.922  2904.000
74.984  2921.429
75.047  2936.143
75.094  2942.857
75.156  2938.857
75.219  2939.571
75.266  2942.429
75.313  2943.000
75.359  2943.714
75.438  2944.143
75.484  2941.286
75.531  2939.571
75.578  2940.000
75.625  2940.000
75.672  2940.000
75.719  2939.571
75.766  2941.286
75.813  2943.714
75.859  2945.429
75.906  2945.000
75.969  2945.429
76.016  2943.714
76.063  2940.857
76.125  2940.857
76.172  2944.143
76.219  2943.714
76.266  2942.571
76.328  2943.714
76.391  2943.714
76.453  2942.571
76.516  2943.286
76.563  2945.429
76.609  2945.429
76.656  2943.714
76.703  2941.286
76.750  2939.571
76.813  2940.000
76.859  2939.571
76.906  2941.286
76.953  2943.714
77.016  2945.857
77.078  2943.714
77.141  2941.286
77.203  2939.571
77.250  2939.571
77.313  2941.714
77.375  2942.429
77.453  2941.286
77.500  2940.857
77.563  2943.714
77.609  2945.429
77.656  2945.000
77.703  2945.429
77.750  2943.286
77.797  2943.000
77.844  2941.571
77.891  2943.000
77.938  2943.714
77.984  2943.714
78.031  2942.571
78.078  2943.286
78.156  2945.429
78.219  2945.000
78.281  2945.429
78.344  2943.286
78.406  2942.571
78.453  2943.286
78.516  2945.857
78.578  2943.286
78.625  2943.000
78.672  2941.571
78.719  2943.429
78.797  2941.571
78.859  2943.429
78.906  2942.000
78.953  2941.286
79.000  2940.857
79.047  2943.714
79.094  2945.857
79.141  2943.714
79.203  2941.286
79.266  2939.143
79.328  2941.714
79.391  2942.000
79.438  2943.000
79.516  2943.286
79.578  2945.429
79.641  2945.000
79.688  2945.000
79.750  2945.000
79.813  2945.000
79.875  2945.000
79.922  2945.429
79.969  2943.286
80.016  2942.571
80.063  2943.286
80.109  2945.429
80.172  2945.000
80.219  2945.000
80.266  2945.000
80.328  2945.000
80.391  2945.000
80.438  2945.000
80.484  2945.000
80.547  2945.000
80.594  2945.000
80.641  2945.429
80.703  2943.714
80.766  2941.286
80.828  2939.571
80.875  2940.000
80.938  2940.000
81.000  2940.000
81.047  2940.000
81.094  2940.000
81.141  2940.000
81.188  2940.000
81.250  2940.000
81.297  2939.571
81.344  2941.714
81.391  2942.000
81.438  2943.000
81.484  2943.286
81.547  2945.857
81.594  2943.286
81.641  2942.571
81.688  2943.286
81.734  2945.429
81.797  2945.000
81.844  2945.000
81.891  2945.000
81.938  2945.429
81.984  2943.714
82.031  2940.857
82.078  2940.857
82.141  2943.714
82.203  2945.429
82.250  2945.000
82.297  2945.000
82.344  2945.000
82.391  2945.000
82.438  2945.429
82.500  2943.286
82.563  2942.571
82.625  2943.286
82.672  2945.429
82.734  2945.429
82.797  2943.286
82.859  2942.571
82.938  2943.286
83.000  2945.429
83.047  2945.429
83.094  2943.286
83.156  2943.000
83.219  2941.571
83.281  2943.429
83.344  2942.000
83.391  2941.286
83.453  2941.286
83.516  2942.429
83.594  2941.286
83.656  2940.857
83.719  2944.143
83.766  2943.714
83.813  2942.571
83.859  2943.286
83.906  2945.429
83.953  2945.429
84.000  2943.714
84.047  2941.286
84.094  2939.143
84.156  2941.714
84.219  2942.429
84.297  2941.286
84.344  2940.857
84.391  2944.143
84.438  2944.143
84.484  2940.857
84.531  2940.857
84.578  2944.143
84.641  2944.143
84.703  2941.286
84.750  2939.571
84.813  2939.571
84.875  2941.714
84.953  2942.429
85.000  2941.714
85.047  2939.143
85.094  2941.286
85.141  2943.714
85.203  2945.857
85.250  2943.714
85.297  2941.286
85.359  2939.571
85.422  2939.571
85.469  2941.714
85.516  2942.000
85.563  2943.000
85.625  2943.714
85.672  2943.714
85.719  2942.571
85.781  2943.714
85.844  2943.714
85.906  2943.000
85.953  2941.571
86.016  2943.000
86.078  2943.714
86.125  2943.714
86.172  2942.571
86.219  2943.714
86.281  2943.714
86.328  2942.571
86.375  2943.286
86.422  2945.429
86.469  2945.429
86.531  2943.286
86.578  2943.000
86.641  2941.571
86.688  2943.000
86.734  2943.714
86.781  2944.143
86.844  2941.286
86.906  2939.571
86.984  2939.571
87.031  2941.286
87.094  2944.143
87.141  2943.714
87.188  2943.000
87.234  2941.571
87.281  2943.429
87.328  2941.571
87.375  2943.000
87.422  2943.286
87.484  2945.857
87.547  2943.286
87.625  2943.000
87.672  2941.571
87.719  2943.000
87.766  2943.714
87.813  2943.714
87.875  2943.000
87.922  2941.571
87.969  2943.429
88.016  2941.571
88.078  2943.429
88.141  2941.571
88.203  2943.000
88.266  2943.714
88.344  2943.714
88.391  2943.000
88.453  2942.000
88.516  2941.286
88.578  2940.857
88.625  2944.143
88.672  2944.143
88.719  2941.286
88.766  2939.571
88.813  2939.571
88.859  2941.714
88.906  2942.429
88.969  2941.714
89.016  2939.571
89.078  2940.000
89.125  2940.000
89.172  2939.571
89.219  2941.714
89.266  2942.429
89.313  2941.714
89.359  2939.143
89.406  2941.714
89.453  2942.429
89.500  2941.714
89.547  2939.571
89.594  2940.000
89.656  2940.000
89.703  2939.571
89.750  2941.714
89.797  2942.429
89.844  2941.714
89.891  2939.571
89.953  2940.000
90.016  2940.000
90.063  2940.000
90.109  2940.000
90.156  2940.000
90.219  2940.000
90.281  2940.000
90.344  2940.000
90.391  2940.000
90.438  2940.000
90.484  2940.000
90.531  2940.000
90.578  2940.000
90.625  2940.000
90.672  2940.000
90.734  2940.000
90.781  2940.000
90.828  2940.000
90.891  2940.000
90.953  2940.000
91.031  2940.000
91.094  2940.000
91.156  2940.000
91.219  2940.000
91.281  2940.000
91.328  2940.000
91.375  2940.000
91.438  2940.000
91.484  2940.000
91.531  2940.000
91.594  2940.000
91.656  2940.000
91.719  2940.000
91.766  2940.000
91.813  2940.000
91.859  2940.000
91.906  2940.000
91.969  2940.000
92.016  2940.000
92.063  2940.000
92.109  2940.000
92.172  2940.000
92.219  2940.000
92.281  2940.000
92.375  2940.000
92.422  2940.000
92.469  2940.000
92.531  2940.000
92.578  2940.000
92.625  2940.000
92.688  2940.000
92.734  2940.000
92.781  2940.000
92.828  2940.000
92.891  2940.000
92.938  2940.000
93.000  2940.000
93.078  2940.000
93.141  2940.000
93.188  2940.000
93.234  2940.000
93.281  2940.000
93.344  2940.000
93.391  2940.000
93.438  2940.000
93.484  2940.000
93.531  2940.000
93.594  2940.000
93.656  2940.000
93.750  2940.000
93.797  2940.000
93.844  2940.000
93.891  2940.000
93.938  2940.000
93.984  2940.000
94.031  2940.429
94.078  2938.286
94.125  2937.571
94.172  2938.286
94.219  2940.857
94.266  2938.286
94.328  2938.000
94.391  2936.571
94.438  2938.000
94.484  2938.286
94.547  2940.429
94.594  2940.000
94.641  2940.000
94.688  2940.000
94.734  2940.000
94.781  2940.000
94.828  2940.000
94.891  2940.429
94.953  2938.286
95.016  2937.571
95.094  2938.286
95.141  2940.429
95.188  2940.429
95.234  2938.286
95.281  2937.571
95.344  2938.286
95.406  2940.429
95.469  2940.429
95.531  2938.714
95.578  2935.857
95.625  2935.857
95.672  2938.714
95.750  2940.429
95.813  2940.000
95.875  2940.000
95.922  2940.429
95.969  2938.714
96.016  2935.857
96.063  2935.857
96.109  2938.714
96.156  2940.429
96.203  2940.429
96.250  2938.714
96.297  2935.857
96.344  2936.286
96.406  2937.000
96.469  2938.429
96.531  2937.000
96.594  2936.714
96.641  2934.571
96.688  2935.000
96.734  2935.000
96.781  2935.000
96.828  2934.571
96.875  2936.714
96.938  2937.429
97.000  2936.714
97.047  2934.571
97.109  2934.571
97.156  2936.714
97.219  2937.429
97.266  2936.714
97.328  2934.571
97.406  2935.000
97.453  2934.571
97.500  2936.286
97.563  2939.143
97.625  2938.714
97.688  2937.571
97.766  2938.714
97.813  2938.714
97.875  2937.571
97.922  2938.714
97.969  2938.714
98.016  2937.571
98.078  2938.714
98.125  2939.143
98.188  2936.286
98.250  2934.143
98.297  2936.714
98.344  2937.000
98.391  2938.429
98.453  2936.571
98.500  2938.000
98.563  2938.714
98.609  2939.143
98.656  2936.286
98.703  2934.571
98.750  2935.000
98.797  2934.571
98.875  2936.286
98.922  2938.714
98.969  2940.857
99.016  2938.286
99.078  2937.571
99.141  2938.286
99.203  2940.857
99.266  2938.286
99.328  2937.571
99.375  2938.286
99.438  2940.429
99.484  2940.429
99.547  2938.286
99.609  2938.000
99.672  2936.571
99.719  2938.429
99.766  2936.571
99.828  2938.429
99.891  2937.000
99.953  2936.714
100.000  2934.571
100.063  2935.000
100.125  2934.571
100.172  2936.286
100.219  2939.143
100.266  2939.143
100.328  2936.286
100.375  2934.571
100.438  2935.000
100.500  2934.571
100.547  2936.714
100.609  2937.429
100.656  2936.286
100.703  2935.857
100.750  2938.714
100.797  2940.857
100.844  2938.714
100.891  2935.857
100.953  2936.286
101.031  2937.000
101.078  2938.429
101.141  2936.571
101.203  2938.429
101.266  2937.000
101.328  2936.714
101.375  2934.143
101.422  2936.286
101.469  2938.714
101.516  2940.429
101.594  2940.000
101.656  2940.000
101.703  2940.429
101.766  2938.714
101.844  2935.857
101.906  2936.286
101.953  2937.000
102.000  2938.000
102.078  2938.286
102.125  2940.429
102.172  2940.429
102.219  2938.714
102.281  2935.857
102.328  2936.286
102.391  2937.429
102.469  2936.286
102.531  2936.286
102.578  2937.000
102.625  2938.429
102.672  2936.571
102.719  2938.000
102.766  2938.286
102.813  2940.857
102.875  2938.714
102.938  2936.286
103.016  2934.143
103.078  2936.714
103.125  2937.429
103.203  2936.286
103.250  2936.286
103.297  2937.429
103.344  2936.714
103.391  2934.571
103.438  2934.571
103.484  2936.286
103.531  2939.143
103.578  2938.714
103.625  2937.571
103.672  2938.714
103.719  2939.143
103.781  2935.857
103.844  2935.857
103.891  2939.143
103.938  2939.143
104.000  2936.286
104.047  2934.571
104.094  2934.571
104.141  2936.286
104.203  2938.714
104.266  2940.429
104.313  2940.000
104.359  2940.000
104.406  2940.429
104.469  2938.714
104.516  2935.857
104.578  2936.286
104.641  2937.429
104.703  2936.286
104.750  2936.286
104.797  2937.429
104.859  2936.714
104.938  2934.571
104.984  2935.000
105.031  2934.571
105.078  2936.714
105.125  2937.429
105.188  2936.714
105.250  2934.143
105.297  2936.286
105.344  2939.143
105.406  2939.143
105.453  2936.286
105.516  2934.571
105.563  2935.000
105.609  2935.000
105.656  2934.571
105.719  2936.286
105.781  2939.143
105.844  2939.143
105.906  2935.857
105.969  2936.286
106.016  2937.429
106.094  2936.714
106.172  2934.143
106.219  2936.714
106.266  2937.429
106.344  2936.714
106.406  2934.571
106.469  2935.000
106.531  2935.000
106.594  2935.000
106.641  2934.571
106.688  2936.286
106.734  2938.714
106.781  2940.857
106.844  2938.714
106.891  2936.286
106.938  2937.571
106.984  2923.429
107.031  2919.714
107.094  2904.286
107.156  2928.857
107.250  2932.000
107.297  2930.429
107.344  2905.857
107.391  2911.571
107.438  2917.143
107.484  2912.000
107.531  2900.000
107.578  2897.286
107.641  2891.286
107.703  2893.714
107.750  2904.857
107.828  2928.714
107.891  2935.429
107.969  2935.429
108.031  2935.000
108.078  2935.000
108.125  2934.571
108.203  2936.714
108.250  2937.429
108.297  2936.714
108.344  2934.571
108.391  2935.000
108.453  2935.000
108.500  2935.000
108.563  2935.000
108.641  2935.000
108.688  2935.000
108.734  2935.000
108.797  2935.000
108.859  2935.000
108.906  2935.000
108.984  2935.000
109.031  2935.000
109.094  2935.000
109.156  2935.000
109.219  2935.000
109.297  2935.000
109.344  2935.000
109.391  2935.000
109.438  2935.000
109.484  2935.000
109.531  2935.000
109.578  2935.000
109.625  2935.000
109.703  2935.000
109.750  2935.000
109.797  2935.000
109.844  2935.000
109.891  2935.000
109.938  2935.000
110.000  2935.000
110.063  2935.000
110.125  2935.000
110.172  2935.000
110.234  2935.000
110.297  2935.000
110.344  2935.000
110.391  2935.000
110.438  2935.000
110.500  2935.000
110.547  2935.000
110.594  2935.000
110.656  2935.000
110.734  2935.000
110.781  2935.000
110.828  2935.000
110.891  2935.000
110.969  2935.000
111.031  2935.000
111.094  2935.000
111.141  2935.000
111.203  2935.000
111.250  2935.000
111.297  2935.000
111.391  2935.000
111.453  2935.000
111.500  2935.000
111.547  2935.000
111.609  2935.000
111.656  2935.000
111.719  2935.000
111.797  2935.000
111.859  2935.000
111.922  2935.000
111.984  2935.000
112.031  2935.000
112.109  2935.000
112.156  2935.000
112.219  2935.000
112.266  2935.000
112.344  2935.000
112.391  2935.000
112.438  2935.000
112.500  2935.000
112.563  2935.000
112.656  2935.000
112.734  2935.000
112.797  2935.000
112.844  2935.000
112.906  2935.000
112.953  2935.000
113.000  2935.000
113.047  2935.000
113.094  2935.000
113.141  2935.000
113.188  2935.000
113.234  2935.000
113.281  2935.000
113.344  2935.000
113.422  2935.000
113.484  2935.000
113.531  2935.000
113.578  2935.000
113.625  2935.429
113.672  2933.286
113.719  2932.571
113.766  2933.286
113.828  2935.429
113.875  2935.000
113.922  2935.000
113.984  2935.000
114.063  2935.000
114.109  2935.000
114.156  2935.000
114.203  2935.000
114.250  2935.000
114.328  2935.000
114.375  2935.000
114.422  2935.000
114.469  2935.000
114.516  2935.000
114.563  2935.000
114.609  2935.000
114.656  2935.000
114.750  2935.000
114.797  2935.000
114.844  2935.000
114.891  2935.000
114.938  2935.000
114.984  2935.000
115.031  2935.000
115.094  2935.000
115.156  2935.000
115.203  2935.000
115.281  2935.000
115.328  2935.000
115.391  2935.000
115.438  2936.286
115.484  2929.857
115.563  2927.714
115.609  2929.857
115.656  2936.286
115.703  2935.429
115.750  2933.286
115.797  2932.571
115.859  2933.714
115.906  2933.714
115.969  2932.571
116.047  2933.286
116.094  2935.429
116.156  2935.000
116.219  2935.000
116.266  2935.429
116.313  2933.714
116.359  2930.857
116.406  2930.857
116.453  2933.714
116.500  2935.857
116.563  2933.286
116.625  2932.571
116.672  2933.286
116.766  2935.429
116.813  2935.429
116.859  2933.286
116.938  2932.571
116.984  2933.286
117.031  2935.429
117.094  2935.000
117.156  2935.000
117.234  2935.000
117.313  2935.000
117.359  2935.000
117.422  2935.000
117.469  2935.000
117.516  2935.000
117.594  2935.000
117.641  2935.000
117.688  2935.000
117.750  2935.000
117.813  2935.000
117.875  2935.000
117.938  2935.000
117.984  2935.000
118.078  2935.000
118.141  2935.429
118.203  2933.286
118.250  2932.571
118.297  2933.286
118.344  2935.429
118.391  2935.429
118.438  2933.286
118.500  2932.571
118.547  2933.286
118.594  2935.429
118.656  2935.000
118.703  2935.000
118.766  2935.000
118.813  2935.000
118.859  2935.000
118.906  2935.429
118.969  2933.286
119.031  2932.571
119.078  2933.286
119.125  2935.429
119.188  2935.000
119.266  2935.000
119.313  2935.429
119.359  2933.286
119.453  2932.571
119.516  2933.286
119.578  2935.429
119.641  2935.000
119.719  2935.000
119.766  2935.429
119.813  2933.286
119.859  2932.571
119.922  2933.714
119.969  2933.714
120.047  2932.571
120.094  2933.286
120.172  2935.429
120.219  2935.000
120.266  2935.000
120.313  2935.000
120.375  2935.000
120.438  2935.429
120.484  2933.286
120.531  2932.571
120.609  2933.714
120.672  2933.714
120.719  2932.571
120.797  2933.286
120.844  2935.429
120.891  2935.000
120.938  2935.000
120.984  2935.000
121.031  2935.429
121.078  2933.286
121.141  2932.571
121.188  2933.286
121.234  2935.857
121.281  2933.714
121.328  2931.286
121.375  2929.571
121.422  2930.000
121.484  2929.571
121.531  2931.286
121.578  2933.714
121.625  2935.429
121.672  2935.429
121.719  2933.286
121.766  2932.571
121.813  2933.714
121.859  2934.143
121.906  2931.286
121.953  2929.571
122.000  2930.000
122.047  2930.000
122.094  2929.571
122.156  2931.714
122.203  2932.000
122.250  2933.429
122.297  2932.000
122.344  2931.714
122.391  2929.571
122.438  2930.000
122.484  2930.000
122.531  2930.000
122.578  2930.000
122.625  2930.000
122.672  2930.000
122.719  2929.571
122.766  2931.714
122.828  2932.429
122.875  2931.714
122.922  2929.571
122.969  2930.000
123.016  2930.000
123.063  2930.000
123.109  2930.000
123.156  2930.000
123.203  2930.000
123.250  2930.000
123.297  2930.000
123.344  2930.000
123.391  2930.000
123.438  2930.000
123.500  2930.000
123.547  2930.000
123.594  2930.000
123.641  2930.000
123.688  2930.000
123.734  2930.000
123.781  2930.000
123.828  2930.000
123.875  2930.000
123.922  2929.571
123.969  2931.714
124.016  2932.429
124.063  2931.714
124.109  2929.571
124.156  2930.000
124.219  2930.000
124.266  2930.000
124.313  2930.000
124.359  2930.000
124.406  2930.000
124.453  2930.000
124.500  2930.000
124.547  2930.000
124.594  2930.000
124.641  2929.571
124.688  2931.714
124.734  2932.429
124.781  2931.714
124.828  2929.571
124.891  2930.000
124.938  2930.000
124.984  2930.000
125.031  2930.000
125.078  2930.000
125.125  2930.000
125.172  2930.000
125.219  2930.000
125.266  2930.000
125.313  2930.000
125.359  2930.000
125.406  2930.000
125.453  2930.000
125.516  2930.000
125.563  2930.000
125.609  2930.000
125.656  2930.000
125.703  2930.000
125.750  2930.000
125.797  2930.000
125.844  2930.000
125.891  2930.000
125.938  2930.000
125.984  2930.000
126.031  2930.000
126.078  2930.000
126.125  2930.000
126.172  2930.000
126.234  2930.000
126.281  2930.000
126.328  2930.000
126.375  2930.000
126.422  2930.000
126.469  2930.000
126.516  2930.000
126.563  2930.000
126.609  2930.000
126.656  2930.000
126.703  2930.000
126.750  2930.000
126.797  2930.000
126.844  2930.000
126.906  2930.000
126.969  2930.000
127.031  2930.000
127.078  2930.000
127.125  2930.000
127.172  2930.000
127.219  2930.000
127.266  2930.000
127.328  2930.000
127.375  2930.000
127.422  2930.000
127.469  2930.000
127.516  2930.000
127.578  2930.000
127.625  2930.000
127.672  2930.000
127.719  2930.000
127.781  2930.000
127.859  2930.000
127.938  2930.000
128.000  2930.000
128.047  2930.000
128.125  2930.000
128.203  2930.000
128.281  2930.000
128.344  2930.000
128.406  2930.000
128.453  2930.000
128.516  2930.000
128.578  2930.000
128.641  2930.000
128.719  2930.000
128.781  2930.000
128.828  2930.000
128.875  2930.000
128.938  2930.000
128.984  2930.000
129.063  2930.000
129.125  2930.000
129.188  2930.000
129.266  2930.000
129.344  2930.000
129.406  2930.000
129.453  2930.000
129.531  2930.000
129.578  2930.000
129.656  2930.000
129.703  2930.000
129.750  2930.000
129.797  2930.000
129.844  2930.000
129.922  2930.000
129.969  2930.000
130.047  2930.000
130.125  2930.000
130.172  2930.000
130.250  2930.000
130.328  2930.000
130.375  2930.000
130.422  2930.000
130.500  2930.000
130.547  2930.000
130.594  2930.000
130.641  2930.000
130.688  2930.000
130.750  2930.000
130.813  2930.000
130.891  2930.000
130.953  2930.000
131.000  2930.000
131.047  2930.000
131.094  2930.000
131.141  2930.000
131.219  2930.000
131.297  2930.000
131.359  2930.000
131.422  2930.000
131.484  2930.000
131.531  2930.000
131.578  2930.000
131.641  2930.000
131.688  2930.000
131.750  2930.000
131.797  2930.000
131.844  2930.000
131.891  2930.000
131.938  2930.000
131.984  2930.000
132.047  2930.000
132.109  2930.000
132.156  2930.000
132.219  2930.000
132.297  2930.000
132.344  2930.000
132.391  2930.000
132.438  2930.000
132.500  2930.000
132.563  2930.000
132.625  2930.000
132.688  2930.000
132.734  2930.000
132.781  2930.000
132.828  2930.000
132.875  2930.000
132.922  2930.000
132.984  2930.000
133.031  2930.000
133.094  2930.000
133.156  2930.000
133.203  2930.000
133.250  2930.000
133.297  2930.000
133.344  2930.000
133.422  2930.000
133.484  2930.000
133.531  2930.000
133.578  2930.000
133.641  2930.000
133.703  2930.000
133.750  2930.000
133.828  2930.000
133.875  2930.000
133.922  2930.000
133.969  2930.000
134.016  2930.000
134.063  2930.000
134.109  2930.000
134.156  2930.000
134.203  2930.000
134.250  2930.000
134.297  2930.000
134.359  2930.000
134.406  2930.000
134.453  2930.000
134.500  2930.000
134.547  2930.000
134.609  2930.000
134.688  2930.000
134.750  2930.000
134.797  2930.000
134.844  2930.000
134.922  2930.000
135.000  2930.429
135.047  2928.286
135.125  2927.571
135.203  2928.286
135.250  2930.429
135.313  2930.000
135.391  2930.000
135.484  2930.000
135.578  2930.000
135.641  2930.000
135.703  2930.000
135.781  2930.000
135.828  2930.000
135.875  2930.000
135.938  2930.000
136.000  2930.000
136.078  2930.000
136.125  2930.000
136.172  2930.000
136.219  2930.000
136.297  2930.000
136.359  2930.000
136.406  2930.000
136.453  2930.000
136.500  2930.000
136.563  2930.000
136.609  2930.000
136.656  2930.000
136.703  2930.000
136.750  2930.000
136.797  2930.000
136.844  2930.000
136.891  2930.000
136.938  2930.000
136.984  2930.000
137.063  2930.000
137.125  2930.000
137.188  2930.000
137.250  2930.000
137.297  2930.000
137.344  2930.000
137.391  2930.000
137.438  2930.000
137.484  2930.000
137.563  2930.000
137.609  2930.000
137.656  2930.000
137.734  2930.000
137.797  2930.000
137.859  2930.000
137.922  2930.000
138.000  2930.000
138.078  2930.000
138.141  2930.000
138.188  2930.000
138.234  2930.000
138.313  2930.000
138.359  2930.000
138.422  2930.000
138.469  2930.000
138.547  2930.000
138.625  2930.000
138.688  2930.000
138.734  2930.000
138.797  2930.000
138.859  2930.000
138.906  2930.000
138.953  2930.429
139.031  2928.286
139.109  2927.571
139.156  2928.286
139.203  2930.429
139.281  2930.000
139.328  2930.000
139.375  2930.000
139.453  2930.000
139.516  2930.000
139.578  2930.000
139.625  2930.000
139.672  2930.000
139.766  2930.000
139.828  2930.000
139.891  2930.000
139.938  2930.000
139.984  2930.000
140.031  2930.000
140.078  2930.000
140.156  2930.000
140.203  2930.000
140.266  2930.000
140.328  2930.000
140.375  2930.000
140.453  2930.429
140.516  2928.286
140.578  2927.571
140.656  2928.286
140.719  2930.429
140.766  2930.000
140.813  2930.000
140.891  2930.429
140.969  2928.286
141.016  2927.571
141.094  2928.286
141.156  2930.429
141.203  2930.000
141.250  2930.000
141.328  2930.000
141.391  2930.000
141.438  2930.000
141.484  2930.000
141.563  2930.000
141.609  2930.000
141.656  2930.000
141.703  2930.000
141.781  2930.000
141.828  2930.000
141.875  2930.000
141.922  2930.000
142.000  2930.000
142.063  2930.000
142.109  2930.000
142.188  2930.000
142.250  2930.000
142.297  2930.000
142.344  2930.000
142.391  2930.000
142.453  2930.000
142.500  2930.000
142.563  2930.000
142.641  2930.000
142.688  2930.000
142.734  2930.000
142.781  2930.000
142.859  2930.000
142.906  2930.000
142.953  2930.000
143.000  2930.000
143.063  2930.000
143.141  2930.000
143.203  2930.000
143.266  2930.000
143.344  2930.000
143.422  2930.000
143.484  2930.000
143.531  2930.000
143.594  2930.000
143.672  2930.000
143.750  2930.000
143.813  2930.000
143.859  2930.000
143.906  2930.000
143.969  2930.000
144.047  2930.000
144.109  2930.000
144.156  2930.000
144.203  2930.000
144.281  2930.000
144.344  2930.000
144.406  2930.000
144.516  2930.000
144.563  2930.000
144.609  2930.000
144.656  2930.000
144.703  2930.000
144.766  2930.000
144.828  2930.000
144.875  2930.000
144.953  2930.000
145.016  2930.000
145.063  2930.000
145.109  2930.000
145.172  2930.000
145.219  2930.000
145.297  2930.429
145.359  2928.286
145.438  2927.571
145.516  2928.286
145.578  2930.429
145.625  2930.000
145.703  2930.000
145.766  2930.000
145.844  2930.000
145.922  2930.000
145.984  2930.000
146.063  2930.000
146.125  2930.000
146.188  2930.000
146.266  2930.000
146.328  2930.000
146.375  2930.000
146.469  2930.000
146.516  2930.000
146.563  2930.000
146.609  2930.000
146.688  2930.000
146.750  2930.000
146.797  2930.000
146.875  2930.000
146.953  2930.429
147.016  2928.714
147.078  2925.857
147.141  2925.857
147.234  2928.714
147.281  2930.429
147.328  2930.000
147.391  2930.000
147.469  2930.000
147.531  2930.000
147.578  2930.000
147.625  2930.000
147.672  2930.000
147.719  2930.000
147.766  2930.000
147.813  2930.429
147.906  2928.286
147.984  2927.571
148.047  2928.286
148.125  2930.857
148.172  2928.714
148.219  2925.857
148.297  2925.857
148.359  2928.714
148.406  2930.429
148.484  2930.000
148.563  2930.000
148.609  2930.000
148.688  2930.429
148.766  2928.286
148.859  2928.000
148.922  2926.571
149.000  2928.429
149.094  2927.000
149.156  2926.286
149.250  2926.286
149.313  2927.429
149.359  2926.714
149.406  2924.571
149.453  2925.000
149.531  2925.000
149.578  2925.000
149.625  2925.000
149.703  2925.000
149.781  2924.571
149.828  2926.286
149.875  2929.143
149.969  2929.143
150.031  2925.857
150.078  2925.857
150.125  2929.143
150.203  2929.143
150.297  2925.857
150.375  2926.286
150.438  2927.429
150.484  2926.714
150.563  2924.571
150.609  2925.000
150.656  2925.000
150.703  2925.000
150.766  2925.000
150.844  2925.000
150.891  2925.000
150.953  2925.000
151.016  2925.000
151.063  2924.571
151.109  2926.714
151.156  2927.429
151.203  2926.714
151.297  2924.571
151.375  2925.000
151.422  2925.000
151.500  2925.000
151.578  2925.000
151.641  2925.000
151.688  2925.000
151.734  2925.000
151.781  2925.000
151.828  2925.000
151.922  2925.000
151.984  2925.000
152.063  2925.000
152.125  2925.000
152.172  2925.000
152.234  2925.000
152.281  2925.000
152.328  2925.000
152.391  2925.000
152.438  2925.000
152.484  2925.000
152.531  2925.000
152.594  2925.000
152.641  2925.000
152.688  2925.000
152.734  2925.000
152.781  2925.000
152.828  2925.000
152.875  2925.000
152.938  2925.000
152.984  2925.000
153.031  2925.000
153.078  2925.000
153.125  2925.000
153.203  2925.000
153.281  2925.000
153.359  2925.000
153.453  2925.000
153.516  2925.000
153.578  2925.000
153.625  2925.000
153.672  2925.000
153.719  2925.000
153.797  2925.000
153.859  2925.000
153.938  2925.000
154.047  2925.000
154.109  2925.000
154.188  2925.000
154.250  2925.000
154.313  2925.000
154.406  2925.000
154.453  2925.000
154.500  2925.000
154.547  2925.000
154.594  2925.000
154.688  2925.000
154.734  2925.000
154.781  2925.000
154.828  2925.000
154.875  2925.000
154.938  2925.000
155.000  2925.000
155.078  2925.429
155.156  2923.286
155.219  2922.571
155.266  2923.286
155.359  2925.429
155.438  2925.000
155.500  2925.429
155.563  2923.714
155.641  2921.286
155.688  2919.571
155.734  2919.571
155.813  2921.286
155.891  2923.714
155.953  2925.857
156.047  2923.714
156.125  2921.286
156.203  2919.143
156.281  2921.714
156.344  2922.000
156.406  2923.429
156.453  2922.000
156.531  2921.714
156.609  2919.571
156.656  2920.000
156.734  2920.000
156.813  2920.000
156.875  2920.000
156.969  2920.000
157.063  2919.571
157.125  2921.714
157.203  2922.429
157.281  2921.286
157.375  2921.286
157.453  2922.429
157.516  2921.714
157.563  2919.571
157.641  2919.571
157.688  2921.714
157.734  2922.429
157.781  2921.714
157.828  2919.571
157.906  2920.000
157.953  2920.000
158.031  2920.000
158.109  2920.000
158.188  2920.000
158.250  2920.000
158.328  2920.000
158.391  2920.000
158.469  2920.000
158.547  2920.000
158.625  2920.000
158.688  2920.000
158.750  2920.000
158.828  2920.000
158.875  2920.000
158.922  2920.000
159.000  2920.000
159.094  2920.000
159.156  2920.000
159.203  2920.000
159.250  2920.000
159.297  2920.000
159.391  2920.000
159.469  2920.000
159.547  2920.000
159.625  2920.000
159.703  2920.000
159.781  2920.000
159.859  2920.000
159.922  2920.000
159.969  2920.000
160.016  2920.000
160.094  2920.000
160.172  2920.000
160.234  2920.000
160.297  2920.000
160.359  2920.000
160.438  2920.000
160.516  2920.000
160.563  2920.000
160.609  2920.000
160.688  2920.000
160.766  2920.000
160.828  2920.000
160.906  2920.000
160.969  2920.000
161.031  2920.000
161.078  2920.000
161.156  2920.000
161.234  2920.000
161.297  2920.000
161.344  2920.000
161.391  2920.000
161.453  2920.000
161.500  2920.000
161.563  2920.000
161.641  2920.000
161.688  2920.429
161.750  2923.429
161.797  2894.857
161.844  2903.714
161.891  2892.286
161.953  2885.143
162.016  2863.571
162.078  2880.143
162.141  2880.714
162.188  2879.429
162.234  2887.143
162.281  2884.571
162.344  2870.714
162.422  2855.571
162.469  2854.571
162.516  2867.000
162.563  2883.429
162.609  2905.000
162.688  2921.143
162.781  2921.714
162.859  2915.857
162.906  2914.143
162.969  2916.714
163.016  2917.000
163.078  2918.429
163.156  2917.000
163.219  2916.714
163.281  2914.571
163.328  2915.000
163.375  2914.571
163.438  2916.286
163.484  2919.143
163.531  2919.143
163.578  2916.286
163.625  2914.571
163.672  2915.000
163.719  2915.000
163.766  2915.000
163.844  2914.571
163.906  2916.714
163.953  2917.429
164.031  2916.714
164.141  2914.143
164.219  2916.714
164.297  2917.429
164.359  2916.714
164.406  2914.571
164.469  2914.571
164.547  2916.714
164.641  2917.429
164.734  2916.714
164.813  2914.571
164.859  2915.000
164.906  2914.571
164.953  2916.714
165.016  2917.000
165.094  2918.429
165.141  2917.000
165.188  2916.714
165.234  2914.571
165.313  2915.000
165.359  2915.000
165.406  2915.000
165.500  2915.000
165.563  2914.571
165.609  2916.714
165.688  2917.429
165.750  2916.714
165.813  2914.571
165.875  2915.000
165.938  2915.000
166.016  2915.000
166.094  2915.000
166.188  2915.000
166.266  2915.000
166.344  2914.571
166.406  2916.714
166.500  2917.429
166.563  2916.714
166.609  2914.571
166.688  2915.000
166.750  2915.000
166.797  2915.000
166.891  2915.000
166.969  2915.000
167.031  2915.000
167.094  2915.000
167.156  2915.000
167.203  2915.000
167.250  2915.000
167.297  2915.000
167.375  2914.571
167.422  2916.714
167.484  2917.429
167.547  2916.714
167.594  2914.571
167.641  2915.000
167.688  2915.000
167.734  2915.000
167.781  2915.000
167.828  2915.000
167.906  2915.000
167.969  2915.000
168.031  2915.000
168.125  2915.000
168.203  2915.000
168.250  2915.000
168.344  2915.000
168.391  2915.000
168.469  2915.000
168.531  2915.000
168.609  2915.000
168.688  2915.000
168.766  2915.000
168.828  2915.000
168.938  2915.000
169.016  2915.000
169.094  2915.000
169.172  2915.000
169.234  2915.000
169.313  2915.000
169.406  2915.000
169.484  2915.000
169.594  2915.000
169.672  2915.000
169.750  2915.000
169.828  2915.000
169.891  2915.000
169.953  2915.000
170.016  2915.000
170.063  2915.000
170.109  2915.000
170.156  2915.000
170.219  2915.000
170.297  2915.000
170.375  2915.000
170.422  2915.000
170.469  2915.000
170.516  2914.571
170.563  2916.714
170.609  2917.429
170.688  2916.714
170.766  2914.571
170.828  2915.000
170.906  2915.000
170.953  2915.000
171.031  2915.000
171.078  2915.000
171.125  2915.000
171.172  2915.000
171.266  2915.000
171.313  2915.000
171.391  2915.000
171.453  2914.571
171.516  2916.714
171.578  2917.429
171.656  2916.714
171.719  2914.571
171.766  2914.571
171.813  2916.286
171.875  2919.143
171.922  2919.143
172.016  2916.286
172.063  2914.571
172.109  2915.000
172.156  2915.000
172.203  2915.000
172.266  2915.000
172.344  2915.000
172.391  2915.000
172.438  2915.000
172.484  2915.000
172.531  2915.000
172.609  2915.000
172.656  2915.000
172.703  2915.000
172.766  2915.000
172.859  2915.000
172.953  2915.000
173.016  2915.000
173.094  2915.000
173.156  2915.000
173.203  2915.000
173.250  2915.000
173.297  2915.000
173.344  2915.000
173.391  2915.000
173.438  2915.000
173.500  2915.000
173.578  2915.000
173.641  2915.000
173.734  2915.000
173.781  2915.000
173.828  2915.000
173.906  2915.000
174.000  2915.000
174.047  2915.000
174.094  2915.000
174.141  2915.000
174.188  2915.000
174.234  2915.000
174.328  2915.000
174.375  2915.000
174.438  2915.000
174.500  2915.000
174.547  2915.000
174.609  2915.000
174.688  2915.000
174.734  2915.000
174.781  2915.000
174.828  2915.000
174.906  2915.000
174.984  2915.000
175.031  2915.000
175.078  2915.000
175.125  2915.000
175.172  2915.000
175.219  2915.000
175.266  2915.000
175.344  2915.000
175.391  2915.000
175.469  2915.000
175.547  2915.000
175.656  2915.000
175.719  2915.000
175.797  2915.000
175.891  2915.000
175.938  2915.000
176.000  2915.000
176.094  2915.000
176.141  2915.000
176.188  2915.000
176.266  2915.000
176.328  2915.000
176.375  2915.000
176.438  2915.000
176.516  2915.000
176.578  2915.000
176.672  2915.000
176.766  2915.000
176.813  2915.000
176.859  2915.000
176.922  2915.000
177.016  2915.000
177.078  2915.000
177.156  2915.000
177.219  2915.000
177.297  2915.000
177.391  2915.000
177.438  2915.000
177.484  2915.000
177.563  2915.000
177.641  2915.000
177.703  2915.000
177.781  2915.000
177.859  2915.000
177.922  2915.000
178.016  2915.000
178.063  2915.000
178.125  2915.000
178.188  2915.000
178.234  2915.000
178.297  2915.000
178.375  2915.000
178.422  2915.000
178.469  2915.000
178.516  2915.000
178.578  2915.000
178.625  2915.000
178.672  2915.000
178.766  2915.000
178.828  2915.000
178.875  2915.000
178.938  2915.000
179.016  2915.000
179.063  2915.000
179.109  2915.000
179.188  2915.000
179.234  2915.000
179.313  2915.000
179.391  2915.000
179.469  2915.000
179.547  2915.000
179.641  2915.000
179.734  2915.000
179.781  2915.000
179.828  2915.000
179.906  2915.000
179.984  2915.000
180.078  2915.000
180.141  2915.000
180.188  2915.000
180.250  2915.000
180.313  2915.000
180.375  2915.000
180.422  2915.000
180.484  2915.000
180.563  2915.000
180.625  2915.000
180.703  2915.000
180.781  2915.429
180.828  2913.286
180.875  2912.571
180.953  2913.286
181.047  2915.429
181.109  2915.000
181.156  2915.000
181.203  2915.000
181.250  2915.000
181.297  2915.000
181.359  2915.000
181.438  2915.429
181.531  2913.286
181.609  2912.571
181.672  2913.286
181.734  2915.429
181.781  2915.000
181.859  2915.429
181.906  2913.714
181.984  2911.286
182.078  2909.571
182.141  2909.571
182.188  2911.714
182.234  2912.429
182.281  2912.143
182.328  2908.286
182.422  2906.286
182.469  2904.571
182.516  2905.000
182.563  2905.000
182.609  2904.143
182.656  2907.571
182.703  2912.857
182.750  2914.143
182.797  2912.571
182.844  2913.286
182.906  2915.857
182.984  2913.714
183.094  2911.286
183.141  2909.571
183.188  2910.000
183.266  2910.000
183.328  2909.571
183.375  2911.286
183.438  2914.143
183.484  2914.143
183.531  2910.857
183.578  2911.286
183.625  2912.429
183.703  2911.714
183.766  2909.143
183.828  2911.286
183.891  2914.143
183.953  2914.143
184.000  2911.286
184.078  2909.143
184.172  2911.286
184.234  2914.143
184.281  2914.143
184.328  2911.286
184.375  2909.571
184.453  2910.000
184.531  2910.000
184.578  2909.571
184.625  2911.286
184.703  2914.143
184.750  2914.143
184.797  2911.286
184.844  2909.143
184.922  2911.286
184.984  2914.143
185.063  2914.143
185.156  2911.286
185.203  2909.143
185.250  2911.714
185.328  2912.429
185.391  2911.714
185.453  2909.143
185.547  2911.714
185.641  2912.429
185.719  2911.714
185.781  2909.571
185.844  2910.000
185.906  2910.000
186.000  2910.000
186.063  2910.000
186.156  2910.000
186.219  2910.000
186.313  2910.000
186.375  2910.000
186.453  2910.000
186.531  2909.571
186.594  2911.286
186.656  2914.143
186.750  2914.143
186.813  2911.286
186.859  2909.571
186.953  2910.000
187.000  2909.571
187.047  2911.714
187.156  2912.429
187.234  2911.714
187.313  2909.571
187.375  2910.000
187.422  2910.000
187.484  2910.000
187.547  2909.571
187.594  2911.714
187.641  2912.429
187.688  2911.714
187.734  2909.571
187.781  2910.000
187.844  2910.000
187.891  2910.000
187.969  2910.000
188.031  2910.000
188.078  2910.000
188.156  2910.000
188.219  2910.000
188.266  2910.000
188.313  2910.000
188.359  2910.000
188.406  2910.000
188.484  2910.000
188.547  2910.000
188.609  2910.000
188.656  2910.000
188.703  2910.000
188.750  2910.000
188.797  2910.000
188.859  2910.000
188.906  2910.000
188.969  2910.000
189.047  2910.000
189.094  2910.000
189.141  2910.000
189.234  2910.000
189.313  2910.000
189.391  2910.000
189.453  2909.571
189.500  2911.714
189.547  2912.429
189.625  2911.714
189.703  2909.571
189.781  2910.000
189.844  2910.000
189.891  2910.000
189.938  2910.000
190.016  2910.000
190.078  2910.000
190.125  2910.000
190.172  2910.000
190.234  2910.000
190.313  2910.000
190.359  2910.000
190.438  2910.000
190.547  2910.000
190.625  2910.000
190.672  2910.000
190.719  2910.000
190.781  2910.000
190.844  2910.000
190.891  2910.000
190.938  2910.000
191.031  2910.000
191.078  2910.000
191.125  2910.000
191.172  2910.000
191.281  2910.000
191.375  2910.000
191.422  2910.000
191.469  2910.000
191.516  2910.000
191.563  2910.000
191.609  2910.000
191.672  2910.000
191.750  2910.000
191.844  2910.000
191.922  2910.000
192.016  2910.000
192.063  2910.000
192.109  2910.000
192.172  2910.000
192.234  2910.000
192.281  2910.000
192.359  2910.000
192.438  2910.000
192.484  2910.000
192.578  2910.000
192.672  2910.000
192.719  2910.000
192.781  2910.000
192.875  2910.000
192.969  2910.000
193.047  2910.000
193.109  2910.000
193.172  2910.000
193.266  2910.000
193.359  2910.000
193.438  2910.000
193.531  2910.000
193.625  2910.000
193.672  2910.000
193.719  2910.000
193.797  2910.000
193.859  2910.000
193.922  2910.000
193.984  2910.000
194.078  2910.000
194.156  2910.000
194.219  2910.000
194.266  2910.000
194.313  2910.000
194.375  2910.000
194.469  2910.000
194.516  2910.000
194.578  2910.000
194.625  2910.000
194.703  2910.000
194.750  2910.000
194.797  2910.000
194.891  2910.000
194.953  2910.000
195.031  2910.000
195.125  2910.000
195.219  2910.000
195.281  2910.000
195.328  2910.000
195.406  2910.000
195.453  2910.000
195.531  2910.000
195.578  2910.000
195.625  2910.000
195.672  2910.000
195.719  2910.000
195.797  2910.000
195.859  2910.000
195.938  2910.000
196.016  2910.000
196.078  2910.000
196.125  2910.000
196.172  2910.000
196.219  2910.000
196.266  2909.571
196.344  2911.714
196.438  2912.429
196.484  2911.714
196.547  2909.571
196.641  2910.000
196.719  2910.000
196.797  2910.000
196.875  2910.000
196.953  2910.000
197.047  2910.000
197.109  2910.000
197.188  2909.571
197.250  2911.286
197.344  2913.714
197.406  2915.857
197.500  2913.714
197.578  2910.857
197.641  2910.857
197.688  2913.714
197.734  2915.429
197.813  2915.000
197.875  2915.429
197.969  2913.714
198.031  2911.286
198.125  2909.143
198.203  2911.286
198.250  2913.714
198.297  2915.429
198.344  2915.000
198.391  2915.000
198.469  2915.429
198.547  2913.286
198.656  2912.571
198.734  2913.286
198.797  2915.857
198.859  2913.286
198.906  2912.571
198.984  2913.286
199.031  2915.429
199.078  2915.000
199.125  2915.000
199.172  2915.000
199.250  2915.000
199.297  2915.000
199.359  2915.000
199.438  2915.000
199.516  2915.000
199.594  2915.000
199.672  2915.000
199.719  2915.000
199.797  2915.000
199.844  2915.000
199.891  2915.000
199.953  2915.000
200.016  2915.000
200.078  2915.000
200.172  2915.000
200.250  2915.000
200.297  2915.000
200.344  2915.000
200.406  2915.000
200.484  2915.000
200.578  2915.000
200.656  2915.000
200.750  2915.000
200.813  2915.000
200.875  2915.000
200.953  2915.000
201.016  2915.000
201.078  2915.000
201.172  2915.000
201.219  2915.000
201.266  2915.000
201.313  2915.000
201.375  2915.000
201.453  2915.000
201.547  2915.000
201.594  2915.000
201.688  2915.000
201.734  2915.000
201.781  2915.000
201.828  2915.000
201.891  2915.000
201.969  2915.000
202.016  2915.000
202.125  2915.000
202.172  2915.000
202.234  2915.000
202.281  2915.000
202.359  2915.000
202.438  2915.000
202.484  2915.000
202.531  2915.000
202.578  2915.000
202.672  2915.000
202.766  2915.000
202.844  2915.000
202.922  2915.000
202.969  2915.000
203.016  2915.000
203.094  2915.000
203.172  2915.000
203.234  2915.000
203.297  2915.000
203.344  2915.000
203.438  2915.000
203.500  2915.000
203.578  2915.000
203.641  2915.000
203.703  2915.000
203.750  2915.000
203.844  2915.000
203.906  2915.000
203.969  2915.000
204.016  2915.000
204.109  2915.000
204.156  2915.000
204.234  2915.000
204.281  2915.000
204.328  2915.000
204.391  2915.000
204.469  2915.000
204.516  2915.000
204.594  2915.000
204.656  2915.000
204.703  2915.000
204.766  2915.000
204.813  2915.000
204.891  2915.000
204.953  2915.000
205.016  2915.000
205.094  2915.000
205.156  2915.000
205.203  2915.000
205.266  2914.571
205.328  2916.286
205.406  2919.143
205.500  2919.143
205.547  2916.286
205.594  2914.571
205.641  2915.000
205.688  2914.571
205.734  2916.714
205.781  2917.429
205.828  2916.714
205.891  2914.571
205.953  2915.000
206.016  2915.000
206.063  2914.571
206.141  2916.714
206.188  2917.429
206.266  2916.714
206.344  2914.571
206.391  2915.000
206.438  2915.000
206.531  2915.000
206.578  2915.000
206.656  2915.000
206.766  2915.000
206.859  2915.000
206.938  2915.000
206.984  2915.000
207.078  2915.000
207.141  2915.000
207.188  2915.000
207.234  2915.000
207.328  2915.000
207.375  2915.000
207.422  2915.000
207.500  2915.000
207.578  2915.000
207.641  2915.000
207.719  2915.000
207.766  2915.000
207.813  2915.000
207.891  2915.000
207.953  2915.000
208.047  2915.000
208.141  2915.000
208.219  2915.000
208.297  2915.000
208.359  2915.000
208.422  2915.000
208.500  2915.000
208.547  2915.000
208.625  2915.000
208.703  2915.000
208.766  2915.000
208.844  2915.000
208.891  2915.000
208.938  2915.000
208.984  2915.000
209.063  2915.000
209.109  2915.000
209.156  2915.000
209.203  2915.000
209.250  2915.000
209.344  2915.000
209.422  2915.000
209.484  2915.000
209.531  2915.000
209.578  2915.000
209.656  2915.000
209.734  2915.000
209.828  2915.000
209.906  2915.000
209.953  2915.000
210.000  2915.000
210.047  2915.000
210.094  2915.000
210.188  2915.000
210.250  2915.000
210.328  2915.000
210.406  2915.000
210.469  2915.000
210.547  2915.000
210.594  2915.000
210.641  2915.000
210.688  2915.000
210.734  2915.000
210.844  2915.000
210.891  2915.000
210.969  2915.000
211.031  2915.000
211.094  2915.000
211.172  2915.000
211.266  2915.000
211.328  2915.000
211.391  2915.000
211.453  2915.000
211.516  2915.000
211.594  2915.000
211.656  2915.000
211.750  2915.000
211.828  2915.000
211.875  2915.000
211.922  2915.000
212.000  2915.000
212.063  2915.000
212.141  2915.000
212.219  2915.000
212.313  2915.000
212.359  2915.000
212.406  2915.000
212.453  2915.000
212.531  2915.000
212.609  2915.000
212.688  2915.000
212.781  2915.000
212.859  2915.000
212.938  2915.000
213.016  2915.000
213.063  2915.000
213.109  2915.000
213.172  2915.000
213.234  2915.000
213.297  2915.000
213.375  2915.000
213.469  2915.000
213.563  2915.000
213.625  2915.000
213.688  2915.429
213.750  2913.286
213.797  2912.571
213.844  2913.286
213.906  2915.429
214.000  2915.000
214.063  2915.000
214.125  2915.000
214.219  2915.000
214.313  2915.000
214.375  2915.000
214.438  2915.000
214.484  2915.000
214.563  2915.000
214.641  2915.000
214.719  2915.000
214.781  2915.000
214.828  2915.000
214.938  2915.000
215.000  2915.000
215.078  2915.429
215.172  2913.286
215.250  2912.571
215.328  2913.714
215.391  2914.143
215.484  2910.857
215.578  2911.286
215.641  2912.000
215.703  2913.000
215.766  2913.286
215.813  2915.857
215.859  2913.286
215.938  2913.000
215.984  2912.000
216.047  2911.714
216.125  2909.143
216.172  2911.714
216.219  2912.000
216.297  2913.000
216.375  2913.286
216.453  2915.429
216.500  2915.000
216.547  2915.000
216.609  2915.000
216.672  2915.000
216.734  2915.429
216.797  2913.714
216.891  2911.286
216.984  2909.571
217.047  2909.571
217.094  2911.714
217.188  2912.000
217.250  2913.429
217.313  2911.571
217.375  2913.429
217.469  2912.000
217.547  2911.714
217.625  2909.143
217.688  2911.714
217.781  2912.429
217.828  2911.714
217.922  2909.571
217.969  2910.000
218.016  2910.000
218.094  2910.000
218.156  2910.000
218.234  2910.000
218.328  2910.000
218.406  2910.000
218.484  2910.000
218.563  2910.000
218.625  2910.000
218.688  2910.000
218.734  2910.000
218.797  2910.000
218.891  2910.000
218.953  2910.000
219.000  2910.000
219.063  2910.000
219.156  2910.000
219.219  2910.000
219.266  2910.000
219.313  2910.000
219.375  2910.000
219.438  2910.000
219.516  2910.000
219.609  2910.000
219.672  2910.000
219.750  2910.000
219.797  2910.000
219.844  2910.000
219.938  2910.000
220.016  2910.000
220.109  2910.000
220.156  2910.000
220.250  2910.000
220.328  2910.000
220.375  2910.000
220.453  2910.000
220.531  2910.000
220.578  2910.000
220.625  2910.000
220.672  2910.000
220.719  2910.000
220.766  2910.000
220.859  2910.000
220.938  2910.000
221.031  2910.000
221.094  2910.000
221.156  2910.000
221.219  2910.429
221.281  2908.286
221.344  2908.000
221.391  2906.571
221.453  2908.000
221.516  2908.714
221.563  2909.143
221.609  2905.857
221.703  2905.857
221.797  2909.143
221.891  2909.143
221.969  2906.286
222.016  2904.143
222.078  2906.286
222.156  2909.143
222.234  2909.143
222.297  2906.286
222.391  2904.571
222.484  2905.000
222.531  2904.571
222.609  2906.714
222.688  2907.000
222.734  2908.429
222.813  2906.571
222.906  2908.429
222.969  2907.000
223.047  2906.714
223.109  2904.571
223.156  2905.000
223.234  2905.000
223.281  2905.000
223.344  2905.000
223.422  2905.000
223.484  2905.000
223.547  2905.000
223.641  2905.000
223.719  2905.000
223.781  2905.000
223.828  2905.000
223.875  2905.000
223.953  2905.000
224.031  2905.000
224.109  2905.000
224.172  2905.000
224.250  2905.000
224.297  2905.000
224.344  2905.000
224.438  2905.000
224.516  2905.000
224.609  2905.000
224.656  2905.000
224.703  2905.000
224.750  2905.000
224.828  2905.000
224.906  2905.000
224.953  2905.000
225.063  2905.000
225.156  2905.000
225.234  2905.000
225.281  2905.000
225.359  2905.000
225.438  2905.000
225.500  2905.000
225.594  2905.000
225.688  2905.000
225.781  2905.000
225.828  2905.000
225.875  2905.000
225.922  2905.000
225.969  2905.000
226.031  2905.000
226.094  2905.000
226.156  2905.000
226.219  2905.000
226.313  2905.000
226.391  2905.000
226.484  2905.000
226.563  2905.000
226.609  2905.000
226.672  2905.000
226.750  2905.000
226.828  2905.000
226.891  2905.429
226.984  2903.286
227.063  2902.571
227.156  2903.286
227.203  2905.429
227.281  2905.000
227.328  2905.000
227.375  2905.000
227.438  2905.429
227.500  2903.286
227.547  2903.000
227.594  2902.000
227.641  2901.286
227.719  2900.857
227.813  2903.714
227.875  2905.429
227.922  2905.000
228.000  2905.000
228.094  2905.000
228.141  2905.429
228.188  2903.286
228.234  2903.000
228.281  2901.571
228.375  2903.429
228.484  2901.571
228.563  2903.000
228.625  2903.714
228.719  2904.143
228.813  2901.286
228.906  2899.571
228.953  2900.000
229.047  2900.000
229.156  2900.000
229.234  2900.000
229.313  2900.000
229.359  2900.000
229.438  2900.000
229.500  2900.000
229.547  2900.000
229.641  2900.000
229.688  2900.000
229.781  2900.000
229.875  2900.000
229.969  2900.000
230.047  2900.000
230.125  2900.000
230.188  2900.000
230.266  2900.000
230.328  2900.000
230.375  2900.000
230.438  2900.000
230.516  2900.000
230.594  2900.000
230.672  2900.000
230.734  2900.000
230.781  2900.000
230.828  2900.000
230.906  2900.000
230.969  2900.000
231.047  2900.000
231.109  2900.000
231.172  2900.000
231.219  2900.000
231.266  2900.000
231.344  2900.000
231.422  2900.000
231.484  2900.000
231.547  2900.000
231.641  2900.000
231.703  2900.000
231.766  2900.000
231.859  2900.000
231.906  2900.000
232.000  2900.000
232.047  2900.000
232.141  2900.000
232.203  2900.000
232.250  2900.000
232.297  2900.000
232.344  2900.000
232.391  2900.000
232.453  2900.000
232.547  2900.000
232.641  2900.000
232.703  2900.000
232.750  2900.000
232.797  2900.000
232.875  2900.000
232.922  2900.000
232.969  2900.000
233.047  2900.000
233.141  2900.000
233.219  2900.000
233.297  2900.000
233.375  2900.000
233.469  2900.000
233.516  2900.429
233.563  2898.286
233.609  2897.571
233.656  2898.286
233.703  2900.429
233.750  2900.000
233.797  2900.000
233.859  2900.000
233.953  2900.000
234.000  2900.000
234.047  2900.000
234.125  2900.000
234.188  2900.000
234.234  2900.000
234.281  2900.000
234.344  2900.000
234.406  2900.000
234.453  2900.000
234.531  2900.000
234.594  2900.000
234.641  2900.000
234.703  2900.000
234.797  2900.000
234.844  2900.000
234.938  2900.000
235.031  2900.000
235.094  2900.000
235.188  2900.000
235.297  2900.000
235.391  2900.000
235.453  2900.000
235.516  2900.000
235.594  2900.000
235.656  2900.000
235.750  2900.000
235.797  2900.429
235.844  2898.714
235.953  2895.857
236.063  2895.857
236.141  2898.714
236.219  2900.429
236.281  2900.000
236.328  2900.000
236.375  2900.429
236.453  2898.714
236.500  2895.857
236.563  2895.857
236.625  2898.714
236.688  2900.429
236.766  2900.000
236.813  2900.000
236.875  2900.000
236.953  2900.000
237.016  2900.000
237.078  2900.000
237.156  2900.000
237.250  2900.000
237.328  2900.429
237.391  2898.286
237.453  2897.571
237.547  2898.286
237.641  2900.429
237.688  2900.429
237.750  2898.286
237.813  2897.571
237.906  2898.286
237.953  2900.429
238.031  2900.000
238.094  2900.429
238.156  2898.286
238.234  2898.000
238.328  2896.571
238.375  2898.000
238.438  2898.714
238.531  2899.143
238.641  2895.857
238.719  2895.857
238.813  2899.143
238.859  2899.143
238.938  2895.857
239.000  2895.857
239.078  2899.143
239.156  2899.143
239.203  2896.286
239.250  2894.143
239.359  2896.714
239.422  2897.429
239.484  2896.714
239.578  2894.571
239.641  2895.000
239.688  2895.000
239.750  2894.571
239.828  2896.714
239.875  2897.429
239.938  2896.714
239.984  2894.571
240.078  2895.000
240.156  2895.000
240.250  2895.000
240.297  2895.000
240.359  2895.000
240.453  2895.000
240.531  2895.000
240.578  2895.000
240.672  2895.000
240.766  2895.000
240.859  2894.571
240.938  2896.714
241.000  2897.429
241.078  2896.714
241.141  2894.571
241.188  2895.000
241.250  2895.000
241.328  2895.000
241.375  2895.000
241.469  2895.000
241.531  2895.000
241.594  2895.000
241.641  2895.000
241.688  2895.000
241.766  2895.000
241.844  2895.000
241.953  2895.000
242.047  2895.000
242.109  2895.000
242.172  2894.571
242.234  2896.714
242.281  2897.429
242.328  2896.714
242.406  2894.571
242.484  2895.000
242.563  2895.000
242.609  2895.000
242.688  2895.000
242.750  2895.000
242.813  2895.000
242.859  2895.000
242.938  2895.000
243.047  2895.000
243.125  2895.000
243.203  2895.000
243.297  2895.000
243.359  2895.000
243.422  2895.000
243.484  2895.000
243.531  2895.000
243.594  2895.000
243.672  2895.000
243.734  2895.000
243.781  2895.000
243.844  2895.000
243.906  2895.000
243.969  2895.000
244.063  2895.000
244.109  2895.000
244.172  2895.000
244.266  2895.000
244.328  2895.000
244.422  2895.000
244.484  2895.000
244.531  2895.000
244.578  2895.000
244.625  2895.000
244.688  2895.000
244.734  2895.000
244.797  2895.000
244.891  2895.000
244.938  2895.000
245.016  2895.000
245.078  2895.000
245.156  2895.000
245.219  2895.000
245.266  2895.000
245.375  2895.000
245.438  2895.000
245.531  2895.000
245.594  2895.000
245.656  2895.000
245.734  2895.000
245.797  2895.000
245.875  2895.000
245.953  2895.000
246.016  2895.000
246.078  2895.000
246.172  2895.000
246.250  2895.000
246.297  2895.000
246.359  2895.000
246.406  2895.000
246.469  2895.000
246.563  2895.000
246.625  2895.000
246.688  2895.000
246.781  2895.000
246.875  2895.000
246.953  2895.000
247.016  2895.000
247.109  2895.000
247.203  2895.000
247.250  2895.000
247.328  2895.000
247.422  2895.000
247.469  2895.000
247.563  2895.000
247.656  2895.000
247.703  2895.429
247.781  2893.286
247.875  2892.571
247.938  2893.286
248.031  2895.429
248.109  2895.000
248.172  2895.000
248.266  2895.000
248.359  2894.143
248.438  2898.000
248.500  2905.429
248.547  2884.571
248.625  2878.286
248.703  2881.857
248.797  2894.000
248.844  2880.429
248.938  2869.000
249.031  2852.143
249.078  2869.143
249.156  2893.143
249.234  2902.857
249.313  2891.571
249.359  2895.429
249.438  2895.000
249.531  2895.000
249.594  2895.000
249.641  2895.000
249.703  2895.000
249.766  2895.000
249.844  2895.429
249.922  2894.143
250.016  2890.000
250.125  2886.286
250.188  2882.857
250.234  2882.571
250.281  2883.286
250.344  2887.571
250.406  2876.000
250.469  2873.286
250.578  2883.143
250.672  2898.714
250.719  2897.143
250.797  2894.571
250.875  2895.429
250.969  2893.286
251.047  2892.571
251.094  2893.286
251.156  2895.429
251.234  2895.000
251.297  2895.000
251.344  2895.000
251.406  2895.000
251.500  2895.000
251.578  2895.000
251.672  2895.000
251.781  2895.000
251.844  2895.000
251.891  2895.000
251.953  2895.000
252.016  2895.000
252.078  2895.429
252.156  2887.286
252.250  2916.571
252.297  2929.857
252.344  2920.714
252.438  2839.714
252.500  2775.429
252.547  2778.857
252.625  2836.286
252.719  2863.571
252.828  2848.857
252.938  2844.429
252.984  2845.571
253.078  2847.429
253.156  2848.286
253.203  2842.571
253.297  2839.571
253.359  2838.714
253.422  2836.714
253.516  2833.714
253.578  2830.000
253.641  2826.286
253.703  2823.714
253.781  2820.429
253.875  2814.571
253.953  2811.286
254.000  2808.714
254.063  2804.571
254.125  2802.571
254.203  2802.429
254.281  2800.429
254.375  2797.143
254.453  2790.714
254.516  2780.857
254.578  2789.429
254.641  2798.714
254.688  2813.857
254.734  2794.286
254.828  2802.571
254.906  2798.857
254.953  2791.000
255.047  2761.000
255.094  2769.571
255.141  2791.143
255.188  2800.429
255.250  2797.429
255.313  2821.714
255.375  2825.429
255.438  2819.000
255.547  2811.143
255.641  2809.571
255.734  2803.143
255.813  2795.286
255.906  2807.429
255.969  2812.857
256.031  2816.857
256.094  2809.857
256.203  2804.429
256.266  2813.857
256.328  2816.571
256.391  2815.857
256.438  2810.429
256.484  2811.286
256.563  2812.000
256.641  2813.000
256.703  2813.714
256.797  2813.286
256.875  2814.286
256.953  2815.714
257.047  2817.143
257.109  2814.571
257.156  2814.571
257.219  2816.286
257.313  2818.714
257.406  2820.429
257.484  2820.000
257.578  2820.429
257.641  2818.286
257.688  2817.143
257.781  2820.429
257.844  2821.143
257.938  2819.286
258.000  2818.286
258.063  2818.714
258.125  2817.571
258.188  2818.286
258.250  2820.429
258.328  2820.000
258.406  2820.000
258.484  2820.000
258.578  2820.000
258.641  2820.429
258.703  2818.286
258.750  2817.571
258.797  2818.286
258.875  2820.429
259.000  2820.000
259.094  2820.000
259.141  2820.000
259.188  2820.000
259.266  2820.000
259.344  2820.000
259.453  2820.000
259.500  2820.000
259.594  2820.000
259.688  2820.000
259.766  2820.000
259.859  2820.000
259.938  2820.000
260.000  2820.000
260.063  2820.000
260.156  2820.000
260.203  2820.000
260.266  2820.000
260.313  2820.000
260.359  2820.000
260.422  2820.000
260.484  2820.000
260.547  2820.000
260.594  2820.000
260.672  2820.000
260.766  2820.000
260.828  2820.000
260.891  2820.000
260.953  2820.000
261.016  2820.000
261.078  2820.000
261.125  2820.000
261.188  2820.000
261.266  2820.000
261.328  2820.000
261.391  2820.000
261.484  2820.000
261.547  2820.000
261.641  2820.000
261.734  2820.000
261.828  2820.000
261.891  2820.000
261.953  2820.000
262.016  2820.000
262.078  2820.000
262.172  2820.000
262.266  2820.000
262.344  2820.000
262.406  2820.000
262.500  2820.000
262.563  2820.000
262.625  2820.000
262.688  2820.000
262.734  2820.000
262.797  2820.000
262.906  2820.000
262.984  2820.000
263.063  2820.000
263.125  2820.000
263.188  2820.000
263.250  2820.000
263.313  2820.000
263.391  2820.000
263.500  2820.000
263.578  2820.000
263.641  2820.000
263.703  2820.000
263.813  2820.000
263.891  2820.000
263.969  2820.000
264.031  2820.000
264.094  2820.000
264.203  2820.000
264.297  2820.000
264.406  2820.000
264.484  2820.000
264.547  2820.000
264.609  2820.000
264.719  2820.000
264.781  2820.000
264.844  2820.000
264.922  2820.000
265.016  2820.000
265.109  2820.000
265.172  2820.000
265.250  2820.000
265.313  2820.000
265.406  2820.000
265.469  2820.000
265.563  2820.429
265.625  2818.286
265.719  2817.571
265.781  2818.286
265.875  2820.429
265.938  2820.000
266.000  2820.000
266.078  2820.000
266.172  2820.000
266.250  2820.000
266.313  2820.000
266.406  2820.000
266.484  2820.000
266.531  2820.000
266.609  2820.000
266.703  2820.000
266.766  2820.000
266.844  2820.000
266.938  2820.000
267.000  2820.000
267.078  2820.000
267.141  2820.000
267.203  2820.000
267.281  2820.000
267.328  2820.000
267.375  2820.000
267.438  2820.000
267.500  2820.000
267.563  2820.000
267.625  2820.000
267.750  2820.000
267.828  2820.000
267.906  2820.000
267.969  2820.000
268.031  2820.000
268.078  2820.000
268.141  2820.429
268.234  2818.286
268.297  2817.571
268.375  2818.286
268.438  2820.429
268.500  2820.000
268.563  2820.000
268.656  2820.000
268.719  2820.000
268.813  2820.000
268.875  2820.000
268.922  2820.000
269.016  2820.000
269.094  2820.000
269.141  2820.429
269.234  2818.286
269.313  2817.571
269.375  2818.286
269.438  2820.429
269.516  2820.000
269.578  2820.000
269.672  2820.000
269.734  2820.000
269.797  2820.000
269.906  2820.000
269.969  2820.000
270.047  2820.000
270.109  2820.000
270.172  2820.000
270.266  2820.000
270.328  2820.000
270.391  2820.000
270.516  2820.429
270.594  2818.286
270.688  2817.571
270.750  2818.286
270.844  2820.429
270.906  2820.000
270.984  2820.000
271.094  2820.000
271.188  2820.000
271.266  2820.000
271.328  2820.000
271.391  2820.000
271.469  2820.000
271.563  2820.000
271.625  2820.000
271.688  2820.000
271.766  2820.000
271.828  2820.000
271.891  2820.000
271.953  2820.429
272.047  2818.286
272.141  2818.000
272.234  2816.571
272.297  2818.000
272.359  2818.286
272.438  2820.429
272.500  2820.000
272.594  2820.000
272.703  2820.429
272.797  2818.714
272.859  2815.857
272.953  2815.857
273.016  2818.714
273.078  2820.429
273.172  2820.429
273.234  2818.286
273.281  2817.571
273.359  2818.714
273.422  2819.143
273.500  2816.286
273.609  2814.143
273.672  2816.286
273.734  2819.143
273.844  2819.143
273.906  2816.286
274.000  2814.143
274.063  2816.714
274.141  2817.429
274.203  2816.714
274.297  2814.571
274.375  2815.000
274.438  2815.000
274.547  2815.000
274.641  2815.000
274.703  2814.571
274.766  2816.714
274.844  2817.429
274.922  2816.714
275.000  2814.571
275.078  2815.000
275.156  2815.000
275.219  2815.000
275.281  2814.571
275.344  2816.714
275.406  2817.429
275.484  2816.714
275.547  2814.571
275.609  2815.000
275.703  2815.000
275.766  2815.000
275.828  2815.000
275.906  2815.000
276.000  2815.000
276.078  2815.000
276.156  2815.000
276.250  2815.000
276.328  2815.000
276.391  2815.000
276.453  2815.000
276.531  2815.000
276.594  2815.000
276.672  2815.000
276.734  2815.000
276.797  2815.000
276.859  2815.000
276.922  2815.000
277.016  2815.000
277.094  2815.000
277.188  2815.000
277.281  2815.000
277.344  2815.000
277.406  2815.000
277.500  2815.000
277.594  2815.000
277.672  2815.000
277.734  2815.000
277.859  2815.000
277.953  2815.000
278.016  2815.000
278.094  2815.000
278.188  2815.000
278.250  2815.429
278.344  2813.286
278.406  2812.571
278.500  2813.286
278.578  2815.857
278.641  2813.286
278.719  2812.571
278.781  2813.286
278.859  2815.857
278.953  2813.286
279.031  2812.571
279.109  2813.286
279.156  2815.429
279.234  2815.000
279.313  2815.000
279.375  2815.000
279.422  2815.000
279.500  2815.429
279.578  2813.714
279.641  2810.857
279.703  2810.857
279.766  2814.143
279.828  2813.714
279.938  2812.571
280.000  2813.714
280.109  2814.143
280.219  2811.286
280.281  2809.571
280.344  2810.000
280.406  2810.000
280.500  2810.000
280.563  2810.000
280.625  2810.000
280.688  2810.000
280.781  2809.571
280.891  2811.714
280.969  2812.429
281.063  2811.714
281.172  2809.571
281.250  2810.429
281.313  2808.286
281.406  2807.571
281.469  2808.714
281.563  2808.286
281.641  2809.286
281.734  2810.286
281.813  2813.857
281.891  2812.000
281.984  2811.714
282.047  2809.571
282.109  2810.000
282.188  2810.000
282.250  2810.000
282.297  2810.000
282.359  2810.000
282.469  2810.000
282.547  2810.000
282.641  2810.000
282.703  2810.000
282.766  2810.000
282.828  2810.000
282.891  2810.000
282.953  2810.000
283.063  2810.000
283.125  2810.000
283.188  2810.000
283.250  2810.000
283.328  2810.000
283.422  2810.000
283.484  2810.000
283.563  2810.000
283.625  2810.000
283.703  2810.000
283.766  2810.000
283.828  2810.000
283.891  2810.000
283.984  2810.000
284.047  2810.000
284.141  2810.000
284.219  2810.000
284.297  2810.000
284.375  2810.000
284.438  2810.000
284.500  2810.000
284.563  2810.000
284.625  2810.000
284.703  2810.000
284.797  2810.000
284.875  2810.000
284.953  2810.000
285.047  2810.000
285.109  2810.000
285.203  2810.000
285.266  2810.000
285.344  2810.000
285.406  2810.000
285.484  2810.000
285.547  2810.000
285.641  2810.000
285.703  2810.000
285.750  2810.000
285.828  2810.000
285.922  2810.000
286.000  2810.000
286.047  2810.000
286.141  2810.000
286.250  2810.000
286.328  2810.000
286.406  2810.000
286.484  2810.000
286.563  2810.000
286.625  2810.000
286.719  2810.000
286.813  2810.000
286.859  2810.000
286.938  2810.000
287.016  2810.000
287.078  2810.000
287.156  2810.000
287.219  2810.000
287.281  2810.000
287.375  2810.000
287.469  2810.000
287.547  2810.000
287.641  2810.000
287.719  2810.000
287.781  2810.000
287.844  2810.000
287.938  2810.000
288.016  2810.000
288.125  2810.000
288.188  2810.000
288.250  2810.000
288.313  2810.000
288.375  2810.000
288.438  2810.000
288.516  2810.000
288.578  2810.000
288.656  2810.000
288.734  2810.000
288.797  2810.000
288.875  2810.000
288.953  2810.000
289.047  2810.000
289.109  2809.571
289.203  2811.714
289.266  2812.429
289.328  2811.714
289.406  2809.571
289.469  2810.000
289.547  2809.571
289.641  2811.286
289.719  2814.143
289.797  2814.143
289.891  2811.286
289.969  2809.143
290.031  2811.714
290.109  2812.429
290.172  2811.714
290.234  2809.571
290.297  2810.000
290.359  2810.000
290.453  2810.000
290.547  2810.000
290.609  2810.000
290.672  2809.571
290.766  2811.714
290.859  2812.429
290.969  2811.714
291.031  2809.571
291.125  2810.000
291.188  2809.571
291.266  2811.714
291.328  2812.429
291.391  2811.286
291.469  2811.286
291.578  2812.429
291.641  2811.286
291.703  2811.286
291.766  2812.429
291.828  2811.714
291.891  2809.571
292.000  2810.000
292.063  2810.000
292.141  2810.000
292.203  2810.000
292.266  2810.000
292.344  2810.000
292.438  2809.571
292.516  2811.714
292.578  2812.429
292.641  2811.286
292.766  2811.286
292.828  2812.000
292.891  2813.429
292.969  2811.571
293.031  2813.429
293.094  2812.000
293.203  2811.714
293.266  2809.571
293.344  2810.000
293.406  2809.571
293.500  2811.714
293.594  2812.429
293.656  2811.714
293.719  2809.571
293.781  2809.571
293.844  2811.714
293.922  2812.000
294.000  2813.000
294.125  2813.286
294.188  2815.857
294.250  2813.286
294.359  2812.571
294.422  2813.714
294.500  2813.714
294.563  2813.000
294.625  2812.000
294.688  2811.714
294.750  2809.571
294.828  2810.000
294.922  2810.000
294.984  2810.000
295.094  2810.000
295.172  2809.571
295.234  2811.286
295.297  2814.143
295.359  2814.143
295.422  2810.857
295.516  2811.286
295.578  2812.429
295.641  2811.714
295.719  2809.571
295.797  2810.000
295.859  2810.000
295.953  2810.000
296.016  2810.000
296.125  2810.000
296.219  2810.000
296.328  2810.000
296.391  2810.000
296.453  2810.000
296.516  2810.000
296.594  2810.000
296.656  2810.000
296.719  2810.000
296.813  2810.000
296.875  2810.000
296.938  2810.000
297.016  2810.000
297.109  2810.000
297.172  2810.000
297.266  2810.000
297.375  2810.000
297.469  2810.000
297.547  2810.000
297.609  2810.000
297.703  2809.571
297.766  2811.714
297.828  2812.429
297.891  2811.714
297.984  2809.143
298.047  2811.714
298.109  2812.000
298.188  2813.429
298.281  2812.000
298.344  2811.286
298.406  2810.857
298.516  2813.714
298.578  2815.857
298.641  2813.714
298.719  2810.857
298.797  2811.286
298.906  2812.429
298.969  2811.714
299.031  2809.143
299.094  2811.714
299.188  2812.000
299.266  2813.000
299.344  2813.714
299.406  2814.143
299.516  2811.286
299.578  2809.571
299.672  2809.571
299.750  2811.714
299.813  2812.429
299.875  2811.714
299.969  2809.143
300.047  2811.714
300.109  2812.429
300.172  2811.714
300.250  2809.143
300.328  2811.286
300.406  2813.714
300.484  2815.429
300.547  2815.429
300.625  2813.286
300.703  2812.571
300.781  2813.714
300.906  2814.143
300.969  2810.857
301.031  2810.857
301.141  2813.714
301.234  2815.857
301.297  2813.714
301.359  2810.857
301.422  2810.857
301.516  2813.714
301.578  2815.429
301.656  2815.429
301.719  2813.714
301.797  2810.857
301.891  2810.857
301.984  2814.143
302.078  2814.143
302.172  2810.857
302.250  2811.286
302.328  2812.000
302.391  2813.000
302.484  2813.714
302.547  2813.714
302.609  2813.000
302.703  2811.571
302.781  2813.000
302.844  2813.286
302.922  2815.429
302.984  2815.000
303.094  2815.000
303.203  2815.000
303.266  2815.429
303.391  2813.286
303.469  2812.571
303.531  2813.286
303.656  2815.429
303.719  2815.429
303.781  2813.286
303.844  2813.000
303.906  2811.571
304.000  2813.000
304.063  2813.286
304.125  2815.429
304.219  2815.000
304.297  2815.429
304.375  2813.286
304.438  2813.000
304.516  2812.000
304.578  2811.286
304.641  2811.286
304.719  2812.000
304.781  2813.000
304.844  2813.286
304.922  2815.429
305.000  2815.429
305.078  2813.714
305.188  2811.286
305.250  2809.571
305.344  2810.000
305.406  2810.000
305.469  2810.000
305.563  2810.000
305.672  2810.000
305.781  2810.000
305.844  2810.000
305.938  2810.000
306.000  2810.000
306.063  2809.571
306.125  2811.714
306.219  2812.000
306.297  2813.429
306.359  2811.571
306.469  2813.429
306.547  2811.571
306.656  2813.429
306.719  2812.000
306.781  2811.286
306.875  2811.286
306.938  2812.429
307.031  2811.714
307.125  2809.571
307.219  2810.000
307.281  2810.000
307.344  2810.000
307.406  2810.000
307.469  2810.000
307.531  2810.000
307.625  2810.000
307.766  2810.000
307.859  2810.000
307.969  2810.000
308.047  2810.000
308.109  2810.000
308.172  2810.000
308.234  2810.000
308.328  2810.000
308.391  2810.000
308.453  2810.000
308.516  2810.000
308.609  2810.000
308.672  2810.000
308.734  2810.000
308.797  2810.000
308.859  2810.000
308.922  2809.571
308.984  2811.714
309.063  2812.429
309.125  2811.714
309.188  2809.571
309.281  2810.000
309.359  2810.000
309.422  2810.000
309.484  2810.000
309.547  2810.000
309.641  2810.000
309.719  2810.000
309.781  2810.000
309.875  2810.000
309.953  2810.000
310.016  2810.000
310.094  2810.000
310.156  2810.000
310.219  2810.000
310.313  2810.000
310.391  2810.000
310.469  2810.000
310.563  2810.000
310.641  2810.000
310.703  2810.000
310.797  2810.000
310.906  2810.000
311.000  2810.000
311.078  2810.000
311.172  2810.000
311.234  2810.000
311.297  2810.000
311.359  2810.000
311.422  2810.000
311.484  2810.000
311.578  2810.000
311.641  2810.000
311.750  2809.571
311.828  2811.714
311.891  2812.429
311.984  2811.714
312.078  2809.571
312.141  2810.000
312.234  2809.571
312.297  2811.714
312.359  2812.000
312.484  2813.429
312.578  2812.000
312.641  2811.714
312.703  2809.571
312.797  2810.000
312.859  2810.000
312.922  2810.000
313.000  2810.000
313.078  2810.000
313.172  2810.000
313.234  2809.571
313.297  2811.714
313.359  2812.429
313.438  2811.714
313.531  2809.571
313.594  2809.571
313.688  2811.286
313.797  2814.143
313.859  2814.143
313.922  2810.857
313.984  2810.857
314.063  2813.714
314.125  2815.429
314.203  2815.429
314.281  2813.286
314.344  2812.571
314.453  2813.286
314.516  2815.429
314.609  2815.000
314.703  2815.000
314.766  2815.000
314.844  2815.000
314.953  2815.000
315.047  2815.000
315.156  2815.000
315.219  2815.000
315.313  2815.000
315.391  2815.000
315.453  2815.000
315.516  2815.000
315.578  2815.000
315.641  2815.000
315.703  2815.000
315.797  2815.000
315.859  2815.000
315.922  2815.000
316.000  2815.000
316.063  2815.000
316.141  2815.000
316.234  2815.000
316.297  2815.000
316.406  2815.000
316.516  2815.000
316.578  2815.000
316.656  2815.000
316.734  2815.000
316.797  2815.000
316.859  2815.000
316.953  2815.000
317.031  2815.000
317.094  2815.000
317.188  2815.000
317.281  2815.000
317.344  2815.000
317.406  2815.000
317.500  2815.000
317.563  2815.000
317.625  2815.000
317.688  2815.000
317.750  2815.000
317.813  2815.000
317.922  2815.000
318.000  2815.000
318.109  2815.000
318.203  2815.000
318.297  2815.000
318.375  2814.571
318.500  2816.286
318.578  2819.143
318.641  2818.714
318.703  2818.000
318.797  2817.000
318.875  2816.714
318.938  2814.571
319.016  2815.000
319.109  2815.000
319.203  2815.000
319.266  2815.000
319.328  2815.000
319.391  2814.571
319.453  2816.714
319.516  2817.429
319.594  2816.714
319.656  2814.143
319.719  2816.714
319.813  2817.429
319.891  2816.286
319.969  2816.286
320.047  2817.000
