1384.571  25.796
1384.837  25.729
1385.086  25.302
1385.336  24.286
1385.601  23.126
1385.851  22.161
1386.100  21.103
1386.365  19.706
1386.615  17.997
1386.880  16.418
1387.130  16.283
1387.379  16.611
1387.645  17.163
1387.894  17.054
1388.144  16.213
1388.409  14.641
1388.659  14.854
1388.908  16.971
1389.173  18.583
1389.423  19.187
1389.673  20.027
1389.938  21.547
1390.187  22.682
1390.453  23.162
1390.702  23.517
1390.952  23.728
1391.217  24.123
1391.467  24.927
1391.732  25.808
1391.981  26.137
1452.900  25.710
1453.165  25.741
1453.430  25.717
1453.695  25.640
1453.945  25.559
1454.210  25.594
1454.475  25.633
1454.741  25.681
1454.990  25.707
1455.255  25.668
1455.521  25.591
1455.770  25.544
1456.035  25.575
1456.301  25.593
1456.566  25.558
1456.815  25.519
1457.081  25.519
1457.346  25.572
1457.611  25.581
1457.861  25.591
1458.126  25.583
1458.391  25.590
1458.641  25.553
1458.906  25.552
1459.171  25.566
1459.436  25.607
1459.686  25.584
1459.951  25.503
1460.216  25.476
1460.481  25.513
1460.731  25.622
1460.996  25.594
1461.261  25.617
1461.527  25.591
1461.776  25.620
1462.041  25.576
1462.307  25.590
1462.572  25.582
1462.821  25.564
1463.087  25.563
1463.352  25.576
1463.617  25.621
1463.882  25.628
1464.132  25.643
1464.397  25.615
1464.662  25.633
1464.927  25.639
1465.177  25.598
1465.442  25.570
1465.707  25.596
1465.973  25.659
1466.222  25.623
1466.487  25.624
1466.753  25.619
1467.018  25.662
1467.267  25.675
1467.533  25.629
1467.798  25.579
1468.063  25.583
1468.328  25.655
1468.578  25.659
1468.843  25.671
1469.108  25.630
1469.373  25.574
1469.639  25.556
1469.888  25.557
1470.153  25.572
1470.419  25.574
1470.684  25.612
1470.949  25.626
1471.199  25.647
1471.464  25.599
1471.729  25.553
1471.994  25.528
1472.260  25.544
1472.509  25.543
1472.774  25.575
1473.040  25.553
1473.305  25.573
1473.570  25.584
1473.820  25.601
1474.085  25.574
1474.350  25.571
1474.615  25.521
1474.880  25.477
1475.146  25.533
1475.395  25.596
1475.660  25.595
1475.926  25.594
1476.191  25.602
1476.456  25.618
1476.721  25.589
1476.971  25.606
1477.236  25.577
1477.501  25.556
1477.766  25.556
1478.032  25.559
1478.297  25.551
1478.562  25.506
1478.812  25.500
1479.077  25.521
1479.342  25.571
1479.607  25.563
1479.872  25.530
1480.138  25.519
1480.387  25.525
1480.652  25.538
1480.918  25.600
1481.183  25.611
1481.448  25.576
1481.713  25.518
1481.978  25.498
1482.244  25.491
1482.493  25.494
1482.758  25.498
1483.024  25.489
1483.289  25.521
1483.554  25.503
1483.819  25.456
1484.084  25.416
1484.350  25.435
1484.615  25.459
1484.880  25.470
1485.130  25.454
1485.395  25.428
1485.660  25.400
1485.925  25.423
1486.190  25.458
1486.456  25.471
1486.721  25.465
1486.986  25.472
1487.251  25.430
1487.501  25.389
1487.766  25.391
1488.031  25.456
1488.296  25.480
1488.562  25.454
1488.827  25.395
1489.092  25.362
1489.357  25.410
1489.607  25.438
1489.872  25.446
1490.137  25.416
1490.402  25.420
1490.668  25.403
1490.933  25.367
1491.198  25.309
1491.463  25.298
1491.728  25.307
1491.978  25.350
1492.243  25.377
1492.508  25.379
1492.774  25.353
1493.039  25.339
1493.304  25.349
1493.569  25.356
1493.834  25.370
1494.100  25.348
1494.365  25.310
1494.630  25.312
1494.880  25.305
1495.145  25.302
1495.410  25.307
1495.675  25.350
1495.940  25.367
1496.206  25.310
1496.471  25.232
1496.736  25.216
1497.001  25.243
1497.266  25.258
1497.516  25.237
1497.781  25.259
1498.046  25.260
1498.312  25.273
1498.577  25.253
1498.842  25.243
1499.107  25.248
1499.372  25.218
1499.638  25.210
1499.903  25.199
1500.168  25.263
1500.433  25.246
1500.698  25.185
1500.964  25.120
1501.229  25.175
1501.494  25.217
1501.759  25.193
1502.024  25.164
1502.290  25.174
1502.555  25.172
1502.820  25.109
1503.085  25.121
1503.351  25.185
1503.616  25.211
1503.881  25.153
1504.146  25.107
1504.411  25.122
1504.677  25.162
1504.942  25.197
1505.207  25.156
1505.472  25.115
1505.737  25.124
1506.003  25.145
1506.268  25.138
1506.533  25.111
1506.798  25.079
1507.048  25.092
1507.313  25.132
1507.578  25.123
1507.843  24.999
1508.109  24.967
1508.374  25.006
1508.655  25.086
1508.920  25.074
1509.185  25.050
1509.450  25.037
1509.715  25.037
1509.981  25.019
1510.246  25.001
1510.511  24.997
1510.776  24.970
1511.041  24.941
1511.307  24.925
1511.572  24.891
1511.837  24.896
1512.102  24.879
1512.367  24.900
1512.633  24.896
1512.898  24.904
1513.163  24.874
1513.428  24.861
1513.693  24.924
1513.959  24.934
1514.224  24.949
1514.489  24.893
1514.754  24.901
1515.019  24.890
1515.285  24.908
1515.550  24.877
1515.815  24.837
1516.080  24.869
1516.345  24.927
1516.611  24.908
1516.876  24.827
1517.141  24.806
1517.406  24.850
1517.671  24.876
1517.937  24.828
1518.202  24.818
1518.467  24.807
1518.732  24.817
1519.013  24.759
1519.278  24.784
1519.543  24.817
1519.809  24.836
1520.074  24.805
1520.339  24.762
1520.604  24.719
1520.869  24.706
1521.135  24.765
1521.400  24.781
1521.665  24.761
1521.930  24.732
1522.195  24.712
1522.461  24.687
1522.726  24.666
1522.991  24.663
1523.256  24.644
1523.537  24.616
1523.802  24.600
1524.067  24.631
1524.333  24.675
1524.598  24.666
1524.863  24.653
1525.128  24.660
1525.393  24.672
1525.659  24.670
1525.924  24.609
1526.189  24.596
1526.454  24.607
1526.719  24.658
1527.000  24.617
1527.265  24.597
1527.531  24.626
1527.796  24.659
1528.061  24.633
1528.326  24.592
1528.591  24.596
1528.857  24.601
1529.122  24.599
1529.387  24.559
1529.652  24.524
1529.933  24.516
1530.198  24.534
1530.463  24.519
1530.729  24.519
1530.994  24.518
1531.259  24.489
1531.524  24.440
1531.789  24.455
1532.055  24.484
1532.320  24.480
1532.601  24.439
1532.866  24.447
1533.131  24.453
1533.396  24.426
1533.661  24.422
1533.927  24.456
1534.192  24.449
1534.473  24.430
1534.738  24.435
1535.003  24.430
1535.268  24.397
1535.534  24.407
1535.799  24.394
1536.064  24.380
1536.345  24.394
1536.610  24.392
1536.875  24.379
1537.140  24.363
1537.406  24.390
1537.686  24.379
1537.952  24.386
1538.217  24.397
1538.482  24.410
1538.747  24.400
1539.012  24.366
1539.278  24.348
1539.558  24.306
1539.824  24.340
1540.089  24.336
1540.354  24.353
1540.619  24.291
1540.884  24.311
1541.150  24.288
1541.430  24.301
1541.696  24.275
1541.961  24.307
1542.226  24.333
1542.491  24.333
1542.772  24.311
1543.037  24.299
1543.302  24.314
1543.568  24.298
1543.833  24.300
1544.098  24.296
1544.379  24.294
1544.644  24.278
1544.909  24.273
1545.174  24.269
1545.455  24.291
1545.720  24.316
1545.986  24.292
1546.251  24.248
1546.516  24.249
1546.781  24.259
1547.062  24.215
1547.327  24.186
1547.592  24.197
1547.858  24.233
1548.138  24.262
1548.404  24.278
1548.669  24.245
1548.934  24.235
1549.199  24.242
1549.480  24.266
1549.745  24.262
1550.010  24.247
1550.276  24.207
1550.541  24.214
1550.822  24.213
1551.087  24.226
1551.352  24.249
1551.617  24.269
1551.898  24.292
1552.163  24.302
1552.428  24.270
1552.694  24.199
1552.974  24.220
1553.240  24.257
1553.505  24.265
1553.770  24.237
1554.035  24.219
1554.316  24.216
1554.581  24.216
1554.846  24.190
1555.127  24.203
1555.392  24.237
1555.658  24.278
1555.923  24.243
1556.204  24.241
1556.469  24.210
1556.734  24.221
1556.999  24.189
1557.280  24.199
1557.545  24.203
1557.810  24.239
1558.076  24.218
1558.356  24.174
1558.622  24.135
1558.887  24.122
1559.152  24.182
1559.433  24.222
1559.698  24.204
1559.963  24.187
1560.228  24.227
1560.509  24.236
1560.774  24.196
1561.040  24.179
1561.305  24.229
1561.586  24.237
1561.851  24.183
1562.116  24.174
1562.381  24.225
1562.662  24.222
1562.927  24.178
1563.192  24.173
1563.473  24.163
1563.738  24.186
1564.004  24.219
1564.269  24.235
1564.550  24.235
1564.815  24.208
1565.080  24.201
1565.361  24.217
1565.626  24.236
1565.891  24.192
1566.157  24.191
1566.437  24.198
1566.703  24.233
1566.968  24.252
1567.249  24.264
1567.514  24.238
1567.779  24.227
1568.060  24.232
1568.325  24.282
1568.590  24.307
1568.871  24.321
1569.136  24.326
1569.401  24.367
1569.682  24.326
1569.947  24.307
1570.213  24.294
1570.493  24.321
1570.759  24.328
1571.024  24.324
1571.305  24.316
1571.570  24.348
1571.835  24.368
1572.116  24.379
1572.381  24.372
1572.646  24.409
1572.927  24.409
1573.192  24.454
1573.457  24.505
1573.738  24.501
1574.003  24.464
1574.269  24.474
1574.549  24.534
1574.815  24.547
1575.080  24.554
1575.361  24.578
1575.626  24.628
1575.891  24.653
1576.172  24.670
1576.437  24.663
1576.702  24.695
1576.983  24.684
1577.248  24.727
1577.513  24.793
1577.794  24.822
1578.059  24.742
1578.325  24.739
1578.605  24.825
1578.871  24.861
1579.136  24.852
1579.417  24.889
1579.682  24.927
1579.963  24.912
1580.228  24.950
1580.509  25.004
1580.774  25.022
1581.039  25.042
1581.320  25.084
1581.585  25.121
1581.850  25.091
1582.131  25.115
1582.396  25.134
1582.677  25.192
1582.942  25.163
1583.207  25.200
1583.488  25.238
1583.753  25.263
1584.034  25.237
1584.299  25.196
1584.565  25.225
1584.845  25.256
1585.111  25.322
1585.391  25.309
1585.657  25.326
1585.922  25.330
1586.203  25.318
1586.468  25.322
1586.749  25.324
1587.014  25.351
1587.295  25.350
1587.560  25.412
1587.825  25.426
1588.106  25.401
1588.371  25.337
1588.652  25.345
1588.917  25.398
1589.198  25.452
1589.463  25.440
1589.744  25.433
1590.009  25.432
1590.274  25.477
1590.555  25.477
1590.820  25.451
1591.101  25.414
1591.366  25.433
1591.647  25.476
1591.912  25.476
1592.193  25.491
1592.458  25.430
1592.739  25.380
1593.004  25.418
1593.285  25.492
1593.550  25.486
1593.815  25.462
1594.096  25.493
1594.361  25.530
1594.642  25.547
1594.907  25.548
1595.188  25.504
1595.453  25.504
1595.734  25.528
1595.999  25.547
1596.280  25.544
1596.546  25.530
1596.826  25.543
1597.092  25.559
1597.357  25.595
1597.638  25.627
1597.903  25.660
1598.184  25.644
1598.449  25.632
1598.730  25.607
1598.995  25.583
1599.276  25.554
1599.541  25.602
1599.822  25.641
1600.087  25.599
1600.368  25.552
1600.633  25.586
1600.914  25.648
1601.179  25.614
1601.460  25.595
1601.725  25.625
1602.006  25.657
1602.271  25.664
1602.552  25.666
1602.817  25.644
1603.098  25.682
1603.363  25.711
1603.644  25.711
1603.909  25.642
1604.190  25.667
1604.455  25.683
1604.736  25.705
1605.001  25.671
1605.282  25.645
1605.547  25.629
1605.828  25.657
1606.093  25.677
1606.374  25.697
1606.639  25.688
1606.920  25.674
1607.185  25.689
1607.466  25.686
1607.731  25.710
1608.012  25.665
1608.277  25.694
1608.558  25.696
1608.838  25.721
1609.104  25.674
1609.384  25.653
1609.650  25.702
1609.930  25.721
1610.196  25.740
