1384.571  25.796
1384.837  25.729
1385.086  25.302
1385.336  24.286
1385.601  23.126
1385.851  22.161
1386.100  21.103
1386.365  19.706
1386.615  17.997
1386.880  16.418
1387.130  16.283
1387.379  16.611
1387.645  17.163
1387.894  17.054
1388.144  16.213
1388.409  14.641
1388.659  14.854
1388.908  16.971
1389.173  18.583
1389.423  19.187
1389.673  20.027
1389.938  21.547
1390.187  22.682
1390.453  23.162
1390.702  23.517
1390.952  23.728
1391.217  24.123
1391.732  25.808
1391.981  26.137
1392.231  26.145
1392.496  26.190
1392.746  26.206
1393.011  26.204
1393.261  26.275
1393.510  26.357
1393.775  26.375
1394.025  26.265
1394.290  26.193
1394.540  26.214
1394.789  26.312
1395.055  26.314
1395.304  26.267
1395.569  26.246
1395.819  26.280
1396.069  26.262
1396.334  26.265
1396.583  26.232
1396.849  26.247
1397.098  26.227
1397.348  26.218
1397.613  26.194
1397.863  26.204
1398.128  26.202
1398.377  26.240
1398.643  26.278
1398.892  26.284
1399.142  26.272
1399.407  26.292
1399.657  26.317
1399.922  26.295
1400.171  26.263
1400.421  26.233
1400.686  26.202
1400.936  26.205
1401.201  26.259
1401.451  26.294
1401.700  26.270
1401.965  26.227
1402.215  26.222
1402.480  26.204
1402.730  26.214
1402.995  26.213
1403.245  26.238
1403.510  26.207
1403.759  26.189
1404.009  26.203
1404.274  26.211
1404.524  26.229
1404.789  26.246
1405.039  26.273
1405.304  26.243
1405.553  26.207
1405.819  26.180
1406.068  26.232
1406.333  26.271
1406.583  26.264
1406.833  26.204
1407.098  26.204
1407.347  26.193
1407.613  26.205
1407.862  26.218
1408.127  26.239
1408.377  26.219
1408.642  26.242
1408.892  26.246
1409.157  26.228
1409.407  26.185
1409.672  26.211
1409.922  26.226
1410.187  26.238
1410.436  26.258
1410.702  26.251
1410.951  26.231
1411.216  26.219
1411.466  26.238
1411.731  26.247
1411.981  26.230
1412.246  26.203
1412.496  26.215
1412.761  26.244
1413.010  26.223
1413.276  26.202
1413.525  26.161
1413.790  26.109
1414.040  26.167
1414.305  26.264
1414.555  26.299
1414.820  26.247
1415.070  26.249
1415.335  26.226
1415.584  26.225
1415.850  26.197
1416.099  26.169
1416.364  26.174
1416.614  26.220
1416.879  26.233
1417.129  26.213
1417.394  26.202
1417.644  26.234
1417.909  26.243
1418.158  26.219
1418.424  26.199
1418.673  26.234
1418.938  26.284
1419.204  26.314
1419.453  26.287
1419.718  26.254
1419.968  26.209
1420.233  26.222
1420.483  26.200
1420.748  26.226
1420.998  26.228
1421.263  26.222
1421.512  26.182
1421.778  26.168
1422.043  26.168
1422.292  26.172
1422.558  26.220
1422.807  26.256
1423.072  26.233
1423.322  26.196
1423.587  26.189
1423.852  26.198
1424.102  26.243
1424.367  26.273
1424.617  26.269
1424.882  26.197
1425.132  26.218
1425.397  26.228
1425.662  26.243
1425.912  26.187
1426.177  26.200
1426.426  26.179
1426.692  26.170
1426.957  26.160
1427.206  26.216
1427.472  26.236
1427.721  26.224
1427.986  26.197
1428.236  26.166
1428.517  26.117
1428.782  26.154
1429.032  26.190
1429.297  26.204
1429.546  26.145
1429.812  26.140
1430.077  26.141
1430.326  26.159
1430.592  26.154
1430.841  26.152
1431.106  26.154
1431.356  26.193
1431.621  26.173
1431.886  26.163
1432.136  26.134
1432.401  26.134
1432.651  26.080
1432.916  26.074
1433.166  26.117
1433.431  26.104
1433.680  26.069
1433.946  26.054
1434.211  26.088
1434.460  26.083
1434.726  26.064
1434.975  26.091
1435.240  26.114
1435.506  26.060
1435.755  26.039
1436.020  26.050
1436.270  26.067
1436.535  26.054
1436.800  26.043
1437.050  26.037
1437.315  26.007
1437.565  25.992
1437.830  26.035
1438.095  26.082
1438.345  26.066
1438.610  26.029
1438.860  26.064
1439.125  26.059
1439.390  26.006
1439.640  25.993
1439.905  25.999
1440.155  26.007
1440.420  26.010
1440.669  25.992
1440.935  25.981
1441.200  25.930
1441.449  25.950
1441.715  25.934
1441.980  25.931
1442.229  25.909
1442.495  25.937
1442.744  25.934
1443.009  25.908
1443.275  25.896
1443.540  25.869
1443.789  25.879
1444.055  25.874
1444.320  25.898
1444.569  25.881
1444.835  25.890
1445.100  25.878
1445.349  25.908
1445.615  25.914
1445.880  25.928
1446.129  25.864
1446.395  25.818
1446.660  25.815
1446.909  25.858
1447.175  25.835
1447.440  25.795
1447.705  25.786
1447.955  25.803
1448.220  25.795
1448.485  25.777
1448.735  25.759
1449.000  25.744
1449.265  25.737
1449.515  25.737
1449.780  25.754
1450.045  25.791
1450.295  25.822
1450.560  25.827
1450.825  25.820
1451.075  25.783
1451.340  25.741
1451.605  25.725
1451.870  25.718
1452.120  25.707
1452.385  25.725
1452.650  25.730
1452.900  25.710
1453.165  25.741
1453.430  25.717
1453.695  25.640
1453.945  25.559
1454.210  25.594
1454.475  25.633
1454.741  25.681
1454.990  25.707
1455.255  25.668
1455.521  25.591
1455.770  25.544
1456.035  25.575
1456.301  25.593
1456.566  25.558
1456.815  25.519
1457.081  25.519
1457.346  25.572
1457.611  25.581
1457.861  25.591
1458.126  25.583
1458.391  25.590
1458.641  25.553
1458.906  25.552
1459.171  25.566
1459.436  25.607
1459.686  25.584
1459.951  25.503
1460.216  25.476
1460.481  25.513
1460.731  25.622
1460.996  25.594
1461.261  25.617
1461.527  25.591
1461.776  25.620
1462.041  25.576
1462.307  25.590
1462.572  25.582
1462.821  25.564
1463.087  25.563
1463.352  25.576
1463.617  25.621
1463.882  25.628
1464.132  25.643
1464.397  25.615
1464.662  25.633
1464.927  25.639
1465.177  25.598
1465.442  25.570
1465.707  25.596
1465.973  25.659
1466.222  25.623
1466.487  25.624
1466.753  25.619
1467.018  25.662
1467.267  25.675
1467.533  25.629
1467.798  25.579
1468.063  25.583
1468.328  25.655
1468.578  25.659
1468.843  25.671
1469.108  25.630
1469.373  25.574
1469.639  25.556
1469.888  25.557
1470.153  25.572
1470.419  25.574
1470.684  25.612
1470.949  25.626
1471.199  25.647
1471.464  25.599
1471.729  25.553
1471.994  25.528
1472.260  25.544
1472.509  25.543
1472.774  25.575
1473.040  25.553
1473.305  25.573
1473.570  25.584
1473.820  25.601
1474.085  25.574
1474.350  25.571
1474.615  25.521
1474.880  25.477
1475.146  25.533
1475.395  25.596
1475.660  25.595
1475.926  25.594
1476.191  25.602
1476.456  25.618
1476.721  25.589
1476.971  25.606
1477.236  25.577
1477.501  25.556
1477.766  25.556
1478.032  25.559
1478.297  25.551
1478.562  25.506
1478.812  25.500
1479.077  25.521
1479.342  25.571
1479.607  25.563
1479.872  25.530
1480.138  25.519
1480.387  25.525
1480.652  25.538
1480.918  25.600
1481.183  25.611
1481.448  25.576
1481.713  25.518
1481.978  25.498
1482.244  25.491
1482.493  25.494
1482.758  25.498
1483.024  25.489
1483.289  25.521
1483.554  25.503
